53712.707355185 16.14561 0.0989691993601851
53712.7164635183 16.115208 0.0980235498891991
53712.7256395603 16.182798 0.100112295909693
53712.734847662 16.173825 0.0997716987131051
53731.6529302431 16.280445 0.123626076911576
53731.6628911804 16.273206 0.127999232957545
53731.6729090742 16.242136 0.122053764359159
53731.6826676504 16.206249 0.119948233986143
53837.477736273 16.318546 0.111476289256348
53837.4862784144 16.388951 0.114443396407494
53837.4947466898 16.353591 0.113282778055458
53837.5032378819 16.355754 0.115179525766337
53849.4214426274 16.308612 0.0951318282972311
53849.4340237617 16.275685 0.094174776446662
53849.4466234259 16.263317 0.0939245513086366
53849.4591809721 16.289276 0.0947641218762268
53761.5910467013 16.250882 0.122673988859762
53761.603847338 16.282255 0.124373174135528
53761.6127917363 16.289701 0.124639259058748
53761.6216456249 16.244001 0.122796956079095
53823.545325104 16.321201 0.0875014257977769
53823.5546390739 16.290694 0.0868823174114854
53823.5639551271 16.299574 0.0871239884836257
53823.5732688656 16.32939 0.0879123866251557
53865.453329398 16.469169 0.118543955056999
53865.4592839122 16.445038 0.117676854556744
53865.4652644328 16.458541 0.117683459312637
53865.4714068749 16.304152 0.112104604030747
53885.3624144327 16.224118 0.0939237665138567
53885.3727341783 16.223512 0.0938853907008854
53885.3830616665 16.205904 0.0934783910736529
53885.3933813539 16.204263 0.0936004719064916
54062.6479497454 16.221138 0.101862854308541
54062.6621129052 16.244243 0.102211525668608
54062.6762797684 16.262463 0.1023945339738
54062.6904468518 16.313812 0.104081171776845
54011.7574842131 16.095468 0.114519845375513
54011.7639495024 15.991051 0.109318560016745
54011.7705122569 16.128143 0.115047097322713
54011.7770833449 16.071694 0.111846118946484
54198.4598858102 16.064976 0.114104956075701
54198.4683451622 16.105911 0.115732172441945
54198.4767964004 16.131221 0.117088777397521
54198.4852863077 16.104903 0.11596508498202
54206.4347349887 16.285663 0.123912955379381
54206.4431871527 16.336374 0.126728179756581
54206.451663403 16.330105 0.126302730430576
54206.4601548148 16.368372 0.128328861578026
54137.6678251272 16.310608 0.130289607046794
54137.676352766 16.245639 0.127361991219897
54137.6848844561 16.24614 0.127520126942499
54137.6934483332 16.192335 0.124876771363527
54173.5456217015 16.083264 0.0982311187760434
54173.553813912 16.097605 0.098755008711125
54173.561994317 16.088999 0.0986077949015849
54173.5701673147 16.064101 0.0979683611093895
54181.5783562963 16.196472 0.104069592268888
54181.5881566783 16.233889 0.106054469935634
54181.5979692014 16.225689 0.106095165031864
54181.6077896063 16.171495 0.104375235972707
54226.428645764 16.1601 0.101613891323901
54226.4384588655 16.237847 0.104384367350689
54226.4482631711 16.169938 0.102017131161678
54226.4580626157 16.176452 0.102412441170214
54241.4300636919 16.323959 0.108245852791227
54241.440942118 16.33697 0.108833741244823
54241.4518360533 16.286597 0.107261138200426
54241.4627458332 16.32569 0.109136235554891
54247.3632427544 16.238869 0.123502411979055
54247.3735100461 16.134204 0.118877186875401
54247.3837668054 16.299135 0.126952035202252
54247.3940494793 16.249775 0.124773162341048
54419.7000276619 16.292367 0.106284130158501
54419.7087768405 16.293499 0.10615282342925
54419.7175358567 16.302498 0.106550398767218
54419.7263323725 16.329797 0.108008822292412
54424.6568346067 16.086138 0.147053547493922
54424.6660005904 16.137827 0.117253071513062
54424.6750798725 16.018212 0.111727549072638
54424.6842165624 16.045141 0.11214584392954
54392.7278235766 16.369522 0.133809466694927
54392.7363734377 16.368308 0.132365505189811
54392.744962766 16.357556 0.131159834288957
54392.7535562615 16.334135 0.129467341057668
54468.7116419678 16.424836 0.112108186554274
54468.719184618 16.281211 0.118212322277841
54468.7267519212 16.302815 0.125445706835334
54468.7342992015 16.366142 0.107225758020754
54491.5506885187 16.181072 0.10300800939419
54491.5618537502 16.178481 0.101844226998334
54491.5730790626 16.139249 0.100446509531072
54491.5843099305 16.139739 0.100443238649866
54632.3745873609 16.111919 0.10177220164125
54632.3804896643 16.084229 0.100913862490197
54632.3864071413 16.044716 0.0997643102856527
54632.3923651275 16.006154 0.0987741154924331
54589.4258962963 16.257253 0.0920544162368789
54589.431299977 16.233524 0.0914361378745198
54589.4367016899 16.235536 0.0914655126342185
54589.4420965742 16.216498 0.0911135485050794
54600.4164082408 16.020022 0.0860156859309006
54600.4245788078 15.999401 0.0855813227487714
54600.43273375 16.070008 0.0874143840075547
54600.4409210994 16.057853 0.0881434806119642
54616.3750293055 16.264058 0.090834397976626
54616.3821218289 16.347974 0.0933594025718717
54616.3891977891 16.260699 0.0909249601479712
54616.3962558103 16.284513 0.0916483405084733
54774.7372365627 16.328929 0.0984289678148627
54774.7437451505 16.015213 0.143272279392457
54780.6959705092 16.128072 0.0935274333895382
54780.7081468981 16.083864 0.0909077361207907
54780.7195641203 16.108235 0.0912933800093211
54780.730928449 16.128945 0.0914231741323637
54950.4231039697 16.240794 0.107237543199839
54864.6460100696 16.168888 0.0913076039047234
54864.6588846413 16.227263 0.0928999683141119
54864.6717754165 16.172996 0.0916856892586354
54864.6846870137 16.18815 0.0931424992367812
54883.5723785535 16.044666 0.08781538037122
54883.5810447452 16.056414 0.0881003525652924
54883.589755266 16.047777 0.0878483853067114
54883.5984352315 16.051696 0.0879705423578553
54832.6524954978 16.096578 0.10791768613781
54832.6653111572 16.19739 0.0893202800202073
54832.6776347803 16.190617 0.0890121410980595
54832.6897807405 16.170356 0.0885265806608796
54998.3519106135 16.173371 0.0940709601627935
54998.3604541202 16.169093 0.0941025979900303
54998.3691148609 16.221415 0.0959782285788301
54998.3778141551 16.239379 0.0966985524101199
54895.5770190395 16.153279 0.0920961793138757
54906.518539942 16.199101 0.104948236773409
54906.5269354053 16.187983 0.10439480221556
54906.5353849192 16.203211 0.104995076293528
54906.5437896412 16.222302 0.105695491152847
54917.4883376388 16.1313 0.0906710140188428
54917.4947515396 16.110965 0.0903565420064422
54917.5011750464 16.133312 0.0909561364961096
54917.5076036458 16.115615 0.0908060730153531
54967.4064788541 16.183037 0.106994125894415
54967.4140846992 16.144129 0.105677547603795
54967.4217653127 16.226 0.108901519471124
54967.4293475465 16.183082 0.107361671469958
55134.7230009489 16.027682 0.102351615040029
55134.7312561229 16.046052 0.105140213570678
55134.7395170947 16.05558 0.103323100756119
55134.7478264353 16.026417 0.104744593836463
55298.5538832637 16.271914 0.0907869962163189
55299.497028611 16.183837 0.0879013332546042
55244.6024450464 16.15889 0.0939488714898916
55206.6682260301 16.103655 0.0840644864228236
55206.7082698381 16.180858 0.0862749179950572
55355.3989590627 16.025661 0.11103081930681
55355.4246271757 15.999819 0.111058324976531
55266.5700565161 16.010087 0.0842811329295456
55321.4291830439 16.013019 0.0842780826482663
55321.471632141 16.046788 0.0854826892241504
55658.472326308 16.153722 0.104161111014174
55658.5096676736 16.111473 0.0975919343671775
55676.385030081 16.045826 0.0921985254841605
55676.4198357058 16.049569 0.0916683879733995
55593.526813831 16.012775 0.102012441144791
55593.5606421063 16.12388 0.102629677068902
55595.5933912965 16.1619 0.097381445437224
55595.614792014 16.173093 0.101213507027717
55602.5897498845 16.153201 0.109977327230003
55602.6126712502 16.156706 0.110008665441912
55633.4993494675 16.176621 0.0971341756863284
55633.5333388657 16.120664 0.0954574005164773
55649.5382059145 16.101843 0.0853495266464624
55649.563609097 16.076582 0.0851245003026379
55696.387304537 16.118796 0.0932366510145082
55696.399707905 16.194204 0.095434445987414
55696.4245156827 16.198173 0.0958146003770067
55922.5698923841 16.177659 0.0962581991027027
55922.5817501387 16.145309 0.0949727714907463
55922.5937216668 16.168625 0.0960561792997447
55922.6058440162 16.20999 0.0965440612918623
56051.4221221297 16.184238 0.076476404958852
56051.4333737269 16.261509 0.0780185944958729
56051.4446543632 16.189333 0.0768003013766476
56051.4558997108 16.222342 0.0775685709967808
56088.4004660187 16.333229 0.0893903461288977
56088.4089324305 16.302727 0.0886893506987592
56088.4174370368 16.361459 0.0905584089067531
56088.4259667591 16.341408 0.0904400936554222
56277.6469600461 16.283586 0.0934355887488333
56277.6567207174 16.261848 0.0926029590913282
56277.667764653 16.289126 0.093416512383747
56277.6783957523 16.229145 0.0916504120446057
56301.6920429166 16.252137 0.0882656539897719
56301.6997728474 16.225938 0.0876551787965902
56301.7076548725 16.269203 0.0887760124659696
56301.7156321644 16.21131 0.0873715770959949
56356.5831145137 16.219723 0.0908014648881453
56356.5922166086 16.241322 0.0913605337541856
56356.6012662617 16.262669 0.0920961793138757
56356.6101695024 16.248004 0.0917307525502195
56416.4498731135 16.276769 0.0914347714089849
56416.4605859029 16.256941 0.0900723519379139
56416.4714456946 16.239973 0.0911860664770016
56416.4824842014 16.295044 0.096112426719405
56454.3606961807 16.261096 0.0917550653580357
56454.3679801505 16.246077 0.0914170338003343
56454.3751909724 16.264444 0.0919276070925439
56454.3837593636 16.238656 0.0931409989686798
