53587.434173 16.9677 0.148
53587.440332 16.7421 0.135
53587.446494 16.891 0.145
53587.452742 16.8087 0.141
53733.676841 16.8854 0.159
53733.684579 16.8599 0.156
53733.692331 16.6642 0.143
53733.700090 16.8634 0.155
53568.459173 16.7076 0.147
53568.465791 16.6198 0.142
53568.472267 16.7931 0.154
53568.478736 16.7692 0.153
53833.652634 16.8468 0.100
53833.669815 16.9368 0.103
53833.686995 16.7817 0.099
53833.704176 16.8526 0.101
53846.618156 16.8283 0.131
53846.629746 16.904 0.136
53846.641309 17.0149 0.143
53846.653076 16.7727 0.130
53854.552731 16.8759 0.135
53854.562441 16.7994 0.131
53854.572202 16.7064 0.127
53854.581892 16.8948 0.137
53963.375048 16.8342 0.124
53963.386502 16.7565 0.121
53963.397932 16.7904 0.124
53963.409409 16.8014 0.125
54097.682203 17.6091 0.237
54097.682203 17.7076 0.249
54097.690627 16.9065 0.167
54097.699046 17.4836 0.220
54097.699046 17.8971 0.272
54097.707471 16.8327 0.160
53767.671438 16.8579 0.116
53767.688630 17.3536 0.139
53767.688630 17.7127 0.163
53767.705880 16.9122 0.117
53767.723192 16.908 0.117
53935.375416 16.8304 0.121
53935.385341 16.883 0.124
53935.395162 16.9181 0.126
53935.405031 16.8226 0.122
53901.478690 16.9685 0.151
53901.487242 16.8909 0.146
53901.495800 16.8011 0.140
53901.504313 16.9144 0.147
53818.656461 16.8922 0.135
53818.666750 16.8847 0.134
53818.677097 16.9203 0.137
53818.687547 16.7637 0.129
53871.483589 16.7946 0.132
53871.492122 16.9585 0.141
53871.500627 16.8907 0.137
53871.509152 16.843 0.134
53880.491523 16.8712 0.136
53880.501961 16.8091 0.133
53880.512375 16.8057 0.133
53880.522789 16.8616 0.136
54196.621714 16.9197 0.164
54196.632347 16.8913 0.162
54196.643037 16.8068 0.157
54196.653728 16.8638 0.161
54206.562440 16.8697 0.156
54206.571026 16.7523 0.148
54206.579602 16.9357 0.160
54206.588163 16.7907 0.150
54316.358782 16.7872 0.143
54316.363895 16.7735 0.143
54316.369067 16.8676 0.148
54316.374185 16.8455 0.147
54463.694573 16.6257 0.162
54463.701661 16.8626 0.180
54463.708881 16.7043 0.167
54463.716183 16.9464 0.186
54153.695171 16.8821 0.130
54153.709153 16.8878 0.131
54153.722894 16.8759 0.130
54153.736620 16.8409 0.129
54267.467311 17.3527 0.184
54267.467311 17.7541 0.224
54267.476144 16.8269 0.146
54267.484923 16.7386 0.140
54267.493742 16.7622 0.142
54170.648989 17.5988 0.217
54170.648989 17.6574 0.224
54170.660498 17.3467 0.192
54170.660498 17.8928 0.253
54170.671993 16.8565 0.154
54170.683499 17.3796 0.195
54170.683499 17.9532 0.261
54186.686798 16.8394 0.153
54186.697270 16.9821 0.163
54186.707681 16.9042 0.158
54186.718103 16.8022 0.151
54227.537253 16.8888 0.133
54227.550310 16.8958 0.132
54227.563336 16.9396 0.150
54227.576381 16.8564 0.131
54234.514044 16.749 0.148
54234.521714 16.8058 0.152
54234.529425 16.7711 0.150
54234.537095 16.9045 0.159
54831.686989 16.8414 0.131
54831.695498 16.8094 0.129
54831.703996 16.883 0.132
54831.712684 16.7726 0.126
54504.703795 16.8279 0.122
54504.715797 16.8849 0.124
54504.727453 16.8265 0.122
54504.738967 16.8086 0.121
54525.670992 16.8418 0.142
54525.682505 16.7816 0.138
54525.693881 16.8014 0.139
54525.705161 16.7937 0.140
54491.642683 16.8373 0.130
54491.652736 16.798 0.127
54491.662780 16.6964 0.122
54491.672812 16.8318 0.129
54644.435445 16.9379 0.113
54644.445285 16.8749 0.111
54644.455109 16.9765 0.115
54644.464868 16.8541 0.110
54532.628877 16.8422 0.128
54532.642055 17.4139 0.163
54532.642055 17.7899 0.194
54532.655186 16.9205 0.132
54532.668363 16.8934 0.131
54592.505138 16.8842 0.101
54592.522406 16.8897 0.101
54592.534287 16.8886 0.102
54592.546690 16.9641 0.104
54597.558765 16.9158 0.111
54597.570654 16.8918 0.110
54597.582521 16.9192 0.112
54597.594387 16.9756 0.114
54616.559889 16.899 0.100
54616.573152 16.9068 0.100
54616.586479 16.8936 0.100
54616.599819 16.8836 0.100
54936.620615 16.8786 0.133
54936.630781 16.9697 0.138
54936.641076 16.8423 0.132
54936.651272 16.92 0.136
54948.570759 16.9174 0.138
54948.579137 16.9091 0.138
54948.596108 16.777 0.147
54949.567679 17.2474 0.159
54866.713004 16.9166 0.115
54889.640498 16.9004 0.135
54889.650658 16.9536 0.138
54889.661182 16.9283 0.153
54889.671492 17.0157 0.143
55031.428151 16.9022 0.145
55031.435741 16.7808 0.138
55031.443328 16.8782 0.144
55031.450923 16.8152 0.141
55001.494682 16.7698 0.119
55001.502700 16.7897 0.123
55001.510775 16.9705 0.129
55001.519083 16.7856 0.120
54905.736651 16.886 0.172
54905.747525 16.8816 0.172
54905.758510 16.9438 0.177
54905.769483 16.8495 0.171
54917.669887 16.9312 0.105
54917.683012 16.898 0.103
54917.696081 16.9583 0.106
54917.709161 16.9223 0.142
54963.566853 16.7312 0.111
54963.577707 16.7819 0.114
54963.588516 16.8434 0.117
54963.599335 16.7735 0.114
54980.556740 16.8492 0.106
54980.564596 16.8707 0.107
54980.572562 16.8612 0.106
54980.580487 16.8618 0.107
55307.540898 16.8294 0.111
55247.676307 16.76 0.149
55216.672857 16.7307 0.135
55216.700542 16.9255 0.145
55361.498623 16.8722 0.107
55361.515864 16.9045 0.108
55266.693207 16.7415 0.105
55272.611252 16.7119 0.137
55321.530879 16.8056 0.107
55321.573548 16.9232 0.111
55330.537132 16.8292 0.108
55330.579776 16.8731 0.111
55675.559714 16.9318 0.124
55675.595425 16.9518 0.125
55615.754200 16.6882 0.113
55615.779269 17.0671 0.134
55567.703278 16.8962 0.122
55567.729819 16.8985 0.121
55715.457717 16.961 0.111
55715.473965 16.8479 0.108
55715.490360 16.9865 0.114
55715.506739 16.9266 0.113
55646.655300 16.9619 0.096
55646.686720 16.9077 0.095
55686.508415 16.8143 0.103
55686.553335 16.9175 0.106
54949.582515 16.9967 0.128
54949.591323 16.9869 0.163
54949.600160 17.2141 0.227
54949.600160 17.8327 0.314
54949.609009 17.1423 0.180
54866.735721 16.8938 0.136
54866.745705 16.7983 0.131
54866.755748 16.9094 0.137
54866.765508 16.9023 0.137
54949.622789 16.8104 0.130
54949.649293 16.9474 0.097
54949.567679 17.2474 0.159
54949.582515 16.9967 0.128
54949.609009 17.1423 0.180
54949.649293 16.9474 0.097
55734.458852 16.9502 0.114
55734.472282 16.8414 0.110
55734.485716 16.8939 0.113
55734.499233 16.9936 0.117
55765.419772 16.9199 0.117
55765.426865 16.7706 0.120
55765.433920 16.8562 0.120
55765.440983 16.8739 0.135
55796.377063 16.7777 0.112
55796.382360 16.8635 0.116
55796.387673 16.7698 0.112
55796.393034 16.8101 0.114
55929.678527 16.8363 0.149
55929.690126 16.8839 0.151
55929.709244 16.7297 0.138
55929.720980 16.8884 0.147
56030.574238 16.8173 0.099
56030.584794 16.8358 0.099
56030.595446 16.8618 0.101
56030.606078 16.9073 0.102
56063.544847 17.5956 0.136
56063.544847 17.665 0.140
56063.555459 16.9592 0.107
56063.566096 16.8546 0.104
56063.576792 16.8922 0.105
56088.438839 16.8624 0.103
56088.449390 16.8876 0.104
56088.459966 16.8023 0.100
56088.470518 16.8326 0.102
56150.390620 16.9471 0.113
56150.397773 16.8714 0.111
56150.405061 16.9289 0.114
56150.412381 16.8705 0.112
56294.687978 16.8779 0.103
56294.699977 16.9153 0.104
56294.712082 16.8435 0.101
56294.724223 16.8561 0.101
56356.754139 16.9108 0.112
56356.761808 17.0065 0.117
56356.768977 16.961 0.115
56356.776208 16.9254 0.114
56367.659709 16.9791 0.089
56367.674745 16.9345 0.088
56367.689788 16.8741 0.086
56367.704903 16.8456 0.086
56383.653959 16.8235 0.106
56383.665850 16.7209 0.102
56383.677671 16.8392 0.106
56383.689542 16.9352 0.111
56394.521596 16.8693 0.106
56394.533729 16.9282 0.109
56394.545943 16.7929 0.104
56394.557843 16.9218 0.108
56410.626345 16.8889 0.099
56410.638082 16.776 0.096
56410.649717 16.9219 0.101
56410.661162 16.9345 0.102
56416.534646 16.9626 0.116
56416.546575 16.8255 0.106
56416.558537 16.9192 0.109
56416.570746 16.8552 0.108
56441.482952 16.9827 0.102
56441.494408 16.8917 0.099
56441.506078 16.8356 0.107
56441.517547 16.8975 0.099
56464.468177 16.9361 0.102
56464.479452 16.8713 0.100
56464.490810 16.9523 0.103
56464.503601 16.8763 0.101
56494.385210 16.801 0.108
56494.394601 16.8623 0.110
56494.404129 16.894 0.111
56494.418194 16.8903 0.111
