53587.3701500348 13.737378 0.0608172775885445
53587.3785734377 13.763066 0.0610742224688219
53587.3867597687 13.794802 0.0613821404766603
53587.394926528 13.815454 0.0616228041125946
53735.6632770832 13.744383 0.0640587734057382
53735.6710509836 13.674998 0.0634026681572153
53735.6788398262 13.678155 0.0632718193563493
53735.6867025114 13.666656 0.0630838991847274
53569.422246956 13.786084 0.0636935621556217
53569.4293039238 13.733406 0.0635128366802261
53569.4363481711 13.72041 0.0631842572152881
53569.4432037502 13.696303 0.0631372584281909
53832.5849484142 13.837791 0.0611782065535115
53832.5934664236 13.820839 0.0611372521402272
53832.6020447455 13.830134 0.0611058479132648
53832.6105890276 13.788936 0.060976782565878
53850.5905506945 13.806821 0.0563833326877006
53850.6079579628 13.757663 0.0562644204808159
53850.6250803935 13.677036 0.0559144389022299
53850.6422097337 13.651226 0.0563391159189861
53962.3669153126 13.704517 0.059078480653444
53962.3750801967 13.704369 0.0591694574259039
53962.3832520372 13.752377 0.0595140696019475
53962.3914227197 13.817753 0.0599055301746393
54097.6399295141 13.776803 0.0655376707087056
54097.6487920025 13.814055 0.0653259240547793
54097.6576482408 13.814608 0.0651374812048214
54097.6665397917 13.823677 0.0651220755241568
53765.7326309723 13.636432 0.0592443283910727
53765.7420364237 13.676591 0.0594606074988844
53765.7514378126 13.731379 0.0598197834069526
53765.7608105093 13.780556 0.0602244941436454
53908.4619696063 13.815025 0.0629368224595545
53908.4724090161 13.792203 0.0631836867796501
53908.4828566319 13.767516 0.0691950288310357
53908.4933017247 13.746721 0.0639575603200777
53813.6882229396 13.730608 0.0576566119394654
53813.7003701041 13.700243 0.0574908094672831
53813.7125700694 13.67111 0.057352187476887
53813.7246821877 13.678661 0.0574081493275949
53821.5195915854 13.768557 0.0609228903027117
53821.5285329052 13.646916 0.0613529853323435
53821.5381938081 13.725895 0.060409461981178
53821.548067338 13.682307 0.059970512375959
53858.5237525694 13.746739 0.0607096969291751
53858.5337622107 13.758168 0.0610091242638437
53861.4941084607 13.719179 0.0560108822526113
53861.5021179168 13.773689 0.056186197621023
53861.5100707639 13.783949 0.0563280783425165
53861.5180082175 13.809126 0.056454439476875
53862.5653876158 13.68126 0.0558966943026072
53862.5733318979 13.725778 0.0560391610269735
53862.5812859026 13.743845 0.0561858781276306
53862.589231354 13.786552 0.0564482992529312
53872.471690301 13.806966 0.0612573933656039
53872.4802470372 13.823053 0.0613837824809035
53872.4887676967 13.82827 0.0613681727854701
53872.4972823725 13.810243 0.0612951720533224
53878.5026294446 13.643679 0.0599250174303648
53878.5102786689 13.638203 0.0598951917317695
53878.5179641202 13.649479 0.060024072062525
53878.5256841552 13.69745 0.0603577984643518
53886.491252014 13.671774 0.0575757506715493
53886.5032332409 13.671312 0.0576086780913821
53886.5154712387 13.751005 0.0581057853948828
53886.5275335186 13.795691 0.0584094895469149
54196.6246741318 13.750978 0.064160324261639
54196.635327662 13.792782 0.0645537201564434
54196.646029236 13.831116 0.0651120190568407
54196.6567091552 13.807879 0.064879716932196
54207.564449317 13.690203 0.0629636394186141
54207.5730546179 13.72127 0.0632711432010258
54207.5815787848 13.73936 0.0635034400489035
54207.5901206598 13.78633 0.0639354121439831
54448.6824434262 13.641641 0.063027645031778
54448.6916156483 13.642875 0.0630625703962257
54448.7010011921 13.713439 0.0637071036810058
54448.7102290855 13.725642 0.0632997462882369
54151.7260392015 13.760975 0.0602619092326058
54151.7370714466 13.808887 0.0606104851580099
54151.7479760302 13.84523 0.0608736890068438
54151.7589110648 13.831554 0.0608921318872417
54287.449714514 13.6673 0.0588221582953639
54287.4628264699 13.635425 0.0587282805726767
54287.4772914816 13.620057 0.0588365653874917
54287.4903732291 13.66121 0.0592638632101666
54267.4174630555 13.73855 0.0623144598811781
54267.4217869562 13.716542 0.0620986367951845
54267.4276712035 13.688997 0.0618969683157698
54267.4319794678 13.686227 0.0618977234488768
54169.6638775116 13.625246 0.0620177818944119
54169.6724604747 13.609287 0.0619451333814747
54169.6810440278 13.624968 0.0620710686462807
54169.6896008334 13.65248 0.0622854926047918
54186.6449310302 13.816427 0.0639743595635805
54186.6555928934 13.797506 0.0638077138069403
54186.6663615971 13.776606 0.063571815693628
54186.6772845831 13.700764 0.0629585133390128
54233.4955841668 13.63073 0.0625793778264089
54233.504918669 13.62468 0.0625892284438038
54233.514273646 13.628864 0.0626526424138253
54233.523769838 13.655503 0.0628636816608674
54686.3652626389 13.773965 0.0608352023165098
54686.370417928 13.747999 0.0606950577411053
54686.375552037 13.770514 0.0609290710512678
54686.3806852197 13.732887 0.0606974399327089
54815.6851708448 13.680926 0.0617935572729491
54815.6928963775 13.649962 0.0613501636741673
54815.7006391549 13.632642 0.0611376428356056
54815.7083249885 13.596336 0.0608050197346218
54504.6552773612 13.605712 0.0582598300041141
54504.6679379167 13.591392 0.0581286362716761
54504.6866482408 13.645221 0.058419422907952
54504.7000164697 13.674941 0.0586022990225263
54513.5842158683 13.572841 0.0659179710934318
54513.6081002429 13.882168 0.0696475956871276
54525.6279539929 13.591232 0.0644580377893164
54525.6374292361 13.605697 0.0645629504989465
54525.6467851504 13.611509 0.0645781053962349
54525.6559072683 13.658524 0.0650669201700676
54488.6728240508 13.720155 0.059960379433384
54488.682669919 13.678065 0.0596351211625227
54488.6927931137 13.660923 0.0594931545197172
54490.6697475924 13.779816 0.0601998522386063
54490.6813718751 13.763328 0.0600163157205739
54490.6930565857 13.718786 0.0596395673288605
54490.7048425693 13.662514 0.0593040366254278
54491.5954446183 13.721539 0.0600385380021034
54491.605487824 13.77401 0.0603494317732733
54491.6155292941 13.78076 0.0603834335334734
54491.6255664816 13.76515 0.0601898128276172
54650.3592968634 13.656522 0.0569223430893611
54650.3712221989 13.710921 0.0571906895185393
54650.3832960418 13.725256 0.0572870575015084
54650.3953240393 13.742115 0.0574120397095226
54662.4432606711 13.796038 0.0582424238986748
54662.4486415507 13.760248 0.0580641517142782
54662.4540385185 13.751071 0.0580396981389925
54662.459504236 13.728281 0.0579715554346188
54535.6554538428 13.610871 0.0613494163628967
54535.6643512847 13.630538 0.0615204050964776
54535.6733199192 13.679753 0.0620017399358522
54535.6822467592 13.699344 0.0621891677855781
54588.5699174306 13.77477 0.0576420998136145
54588.5807778123 13.800251 0.0578053750929736
54588.591667118 13.792264 0.0578022522401963
54588.6025780672 13.75958 0.0576591656904153
54598.5115454399 13.622331 0.0588693959730963
54598.5198479515 13.607154 0.0587966721437883
54598.5280857754 13.614287 0.0588563064716992
54598.536277176 13.623573 0.0589248760994741
54936.588970428 13.660348 0.0597715433116161
54936.5973511922 13.637621 0.0596183241807751
54936.6057953818 13.608602 0.0594120418989341
54936.6143555554 13.582476 0.0592942633323248
54948.5298251507 13.575347 0.0593998235214766
54948.5404132872 13.573955 0.0594295221636606
54948.5509357985 13.611336 0.0609622946998142
54948.5614606251 13.717796 0.0610219993254039
54866.6272862963 13.745228 0.057880825080531
54866.6565457522 13.744627 0.0578082458658979
54866.6832119329 13.641756 0.0571894358164203
54866.6979493056 13.607035 0.0569916915810354
54884.732971632 13.709567 0.0587389939903172
54884.7425669214 13.740804 0.0590018588808826
54884.7522079168 13.775418 0.0592389360665391
54884.7618949768 13.784893 0.059339890034336
55036.3734857525 13.76009 0.0616230910736235
55036.3810733102 13.749674 0.0615658191882272
55036.3886518401 13.727362 0.0614877303346004
55036.3962400925 13.717581 0.0614665492126532
55005.4378435183 13.656201 0.0578522949826612
55005.445940706 13.625529 0.0577069288505819
55005.4540123148 13.61578 0.0576732145251061
55005.4620564929 13.584011 0.0575135433945682
54905.689581146 13.673839 0.0646390842089837
54905.7003618749 13.703245 0.0649770648783086
54905.7111732988 13.739528 0.0653463725649717
54905.7219188539 13.751097 0.0656055603029234
54915.7039210301 13.677904 0.0561655292240599
54915.7169894677 13.733187 0.0564690915329663
54915.7300972569 13.744045 0.0566040942861591
54915.7431645369 13.732091 0.0566437016882308
54963.5198380323 13.610054 0.057409646155933
54963.5311285183 13.598269 0.0573513067908845
54980.4991948957 13.740146 0.0566301375281502
54980.5129944909 13.775464 0.0568122056070213
54980.5266896992 13.751502 0.0567383714810116
54980.5404873382 13.706588 0.0565238510462385
55304.5869171064 13.733086 0.0579014222604728
55246.6991618636 13.651576 0.0610039516451343
55211.7356557405 13.637655 0.0606763981443852
55211.7564314238 13.726273 0.0777041907798161
55213.7241631946 13.593898 0.0563515927722039
55214.6526981943 13.659186 0.0608203316685317
55214.6865101505 13.584643 0.0601280001418465
55392.402904537 13.573557 0.0577071907711075
55392.4265053356 13.752454 0.0598256035067288
55350.4468386807 13.59811 0.0601767806680656
55350.4821414352 13.636345 0.0829063272477027
55352.4196789006 13.732298 0.062621470987732
55352.4483950461 13.668465 0.062335548616867
55267.7047470951 13.621501 0.0566128387415054
55321.4898492826 13.658589 0.0613938491337794
55321.5189277201 13.579377 0.0608531926159184
55675.507808229 13.782763 0.0589875472200411
55675.5437291549 13.672487 0.058284923680006
55615.6812653127 13.668924 0.0584630600961003
55615.7269052663 13.832809 0.0594769869872265
55651.6330981368 13.630049 0.0554281657052314
55651.6480186113 13.651791 0.0555498419151373
55685.4863040974 13.741367 0.0583547444825809
55685.5217968864 13.803976 0.0586618410692802
55734.4034205902 13.631365 0.0563415667658104
55734.4167984145 13.645865 0.0564420424058894
55734.4301308797 13.669592 0.0566614912753573
55734.4435577778 13.734201 0.058259357024943
55765.3847023843 13.496543 0.0561031539443717
55765.3931581484 13.478492 0.0564450946292678
55765.4016523378 13.47665 0.0574964381741731
55765.410114236 13.588973 0.060958993650163
55926.6683296414 13.744507 0.0617442521147228
55926.6761614235 13.735691 0.0615932537812676
55926.6839803589 13.703365 0.0612581278753624
55926.6919101734 13.670358 0.0609192100615926
56063.4861001619 13.606965 0.054083649632388
56063.5001883102 13.661437 0.0542710063246998
56063.5142060993 13.700266 0.0544171136654441
56063.5283583794 13.734948 0.0544749076535046
56293.6287108217 13.600962 0.0575553154127292
56293.6370398495 13.58217 0.0573469062261717
56293.6453939932 13.588304 0.0572827899469554
56293.6537973266 13.591683 0.0572381562989757
56358.6723888312 13.549522 0.0563079006151074
56358.6848553009 13.554954 0.0563831571473881
56358.6975693288 13.58468 0.0565275064901256
56358.7107133679 13.65091 0.0568277488115301
56369.6223453934 13.047592 0.0560052385947731
56369.6363962845 13.545302 0.0551394686701581
56369.6505347917 13.547375 0.0552098634229164
56369.6646530441 13.582154 0.0553884918944077
56387.5720602083 13.686534 0.0579427023430877
56387.5791454399 13.673097 0.0574902076533878
56387.5862640045 13.653354 0.0584394546863971
56387.5933684493 13.621062 0.0583778557600549
56399.523632963 13.572952 0.0546921775182458
56399.5364652894 13.599089 0.0547906358604094
56399.5495167247 13.627567 0.0548910985997384
56399.5622910535 13.668178 0.0550798484132217
56412.4926756714 13.568666 0.0560621997575194
56412.5035078009 13.578567 0.056100980354958
56412.514469109 13.574887 0.0560781976066981
56412.5266790739 13.598662 0.0566102362028402
56451.489844641 13.664083 0.0554695669719815
56451.5025942012 13.694131 0.0556341472345155
56451.5154405323 13.737362 0.055878295830031
56451.5282076968 13.747593 0.0559885621512826
56481.4319825117 13.693868 0.0566541741399786
56481.4415399423 13.662649 0.0565132767515358
56481.4511223729 13.620225 0.0563623780699676
56481.4607118634 13.609714 0.0563444816063132
