53723.633526 16.7962 0.149
53723.641230 16.976 0.161
53723.648989 17.0478 0.166
53723.656684 17.0112 0.162
53694.697087 16.8892 0.146
53694.708700 16.669 0.133
53694.720389 16.6638 0.132
53694.735855 16.7302 0.134
53850.441842 16.7421 0.135
53850.455041 16.751 0.116
53850.468135 16.6122 0.109
53850.481212 16.7247 0.119
53758.654107 16.6737 0.146
53758.667286 16.719 0.154
53758.679385 16.7428 0.149
53758.691453 16.812 0.155
53924.366691 16.6462 0.113
53924.376510 16.7249 0.117
53924.386327 16.6756 0.115
53924.396138 16.6519 0.114
53892.420753 16.7145 0.129
53892.430680 16.8739 0.138
53892.440556 16.7712 0.133
53892.450418 16.8549 0.138
53908.426977 16.8813 0.130
53908.433496 16.8504 0.123
53908.440014 16.8536 0.124
53908.446545 16.9769 0.131
53812.691643 16.9021 0.118
53812.700336 17.0671 0.126
53812.709025 16.9716 0.122
53812.717706 16.9953 0.124
53821.598271 16.6737 0.124
53821.606793 16.6843 0.125
53821.615283 16.625 0.122
53821.623754 16.6242 0.122
53858.447357 16.7725 0.130
53858.456045 16.7068 0.127
53858.464713 16.6105 0.122
53858.473343 16.7697 0.130
53874.479630 16.7556 0.132
53874.485174 16.8095 0.137
53874.490709 16.7736 0.168
53874.496251 16.7697 0.194
53879.426897 17.0355 0.122
53879.437726 16.9547 0.118
53879.448569 16.8855 0.115
53879.459451 16.9182 0.117
53886.396125 16.7704 0.111
53886.407001 16.8094 0.113
53886.417908 16.9636 0.120
53886.428783 17.0009 0.122
54064.677418 16.7426 0.127
54064.692284 16.8013 0.129
54064.707088 16.9351 0.134
54064.721994 16.9746 0.136
54196.533168 16.9521 0.164
54196.543337 16.8864 0.161
54196.553496 16.7417 0.151
54196.563701 16.6427 0.145
54207.480898 16.8578 0.155
54207.489368 16.7727 0.149
54207.497864 16.7845 0.150
54207.506335 16.7799 0.150
54138.709138 16.7185 0.147
54138.714304 16.7514 0.149
54138.719480 16.6486 0.143
54138.724619 16.7044 0.147
54153.578470 16.8539 0.129
54153.592694 16.9405 0.134
54153.606755 17.0868 0.141
54153.620654 17.1085 0.142
54114.707254 16.7253 0.152
54114.713042 16.7373 0.154
54131.620693 16.759 0.149
54131.630567 16.8743 0.157
54131.640244 16.6912 0.145
54131.650160 16.7651 0.149
54287.377546 17.0159 0.160
54287.383992 16.9568 0.156
54287.390418 16.9817 0.158
54287.396866 16.8972 0.153
54168.620040 16.9797 0.164
54168.631237 17.1548 0.177
54168.642449 16.968 0.163
54168.653675 16.8267 0.153
54186.555663 16.9665 0.161
54186.566284 17.0165 0.165
54186.576966 17.0293 0.166
54186.587605 16.9542 0.160
54228.438414 16.7809 0.158
54228.446648 16.6837 0.142
54228.454865 16.7689 0.188
54228.463068 17.0582 0.210
54236.470885 17.0575 0.176
54236.477286 16.9429 0.168
54236.483703 17.0267 0.183
54236.490101 17.0858 0.182
54247.453584 16.8025 0.155
54247.466407 16.7596 0.152
54247.479255 16.7956 0.155
54247.492099 16.7522 0.153
54423.717393 16.9557 0.163
54423.725528 17.2109 0.235
54423.733653 17.1881 0.184
54423.741916 17.1195 0.173
54809.657255 17.0702 0.159
54809.664813 17.0834 0.160
54809.672362 17.095 0.157
54809.679921 17.1181 0.158
54501.651711 16.7017 0.128
54501.662594 16.7419 0.133
54501.674524 16.8468 0.143
54501.685380 16.983 0.229
54511.626546 16.8353 0.107
54511.633346 16.8972 0.110
54511.640116 16.9356 0.111
54511.646766 16.9613 0.112
54521.601161 17.1263 0.142
54521.612253 16.9726 0.133
54521.623278 16.8909 0.128
54521.634249 16.9047 0.129
54472.695309 16.9906 0.134
54472.706343 16.8884 0.130
54472.717237 16.8176 0.126
54472.727543 16.8195 0.129
54528.582922 16.7791 0.107
54528.596237 16.8411 0.109
54528.610545 16.8441 0.110
54528.623738 17.0576 0.119
54535.571550 16.792 0.143
54535.580143 16.7082 0.139
54535.588770 16.8701 0.148
54535.597347 16.8031 0.144
54591.524956 16.7616 0.108
54591.532469 16.8057 0.110
54591.540002 16.7988 0.110
54591.547525 16.8229 0.111
54598.393577 16.8534 0.127
54598.401870 16.88 0.128
54598.410062 16.9134 0.130
54598.418245 16.9324 0.131
54616.440176 16.671 0.102
54616.449983 16.7181 0.104
54616.459913 16.6833 0.103
54616.469726 16.6724 0.103
54936.507933 16.8066 0.129
54936.517340 16.8288 0.131
54936.526773 16.936 0.137
54936.536192 16.8661 0.133
54947.436176 16.7272 0.127
54947.444705 16.6743 0.125
54947.453248 16.7443 0.129
54947.461635 16.8051 0.134
54865.759492 16.98 0.142
54882.621725 16.8148 0.114
54882.634733 16.7552 0.112
54882.647693 16.6829 0.109
54882.660626 16.696 0.110
54847.724562 16.7816 0.098
54847.732395 17.1359 0.126
55005.375785 16.829 0.117
55005.384364 16.9749 0.124
55005.392958 17.0067 0.125
55005.401565 17.1875 0.135
54894.659575 16.9641 0.121
54894.673020 16.8817 0.117
54894.686487 16.7469 0.111
54894.699936 16.7937 0.113
54905.597946 17.0053 0.180
54905.608662 16.8497 0.168
54905.619377 16.9691 0.178
54905.630098 16.859 0.169
54913.594825 16.9442 0.106
54913.607908 16.7718 0.100
54913.620973 16.8059 0.101
54913.634033 16.7187 0.099
54919.559034 16.8046 0.129
54919.567481 16.9116 0.135
54919.575931 16.9317 0.136
54919.584335 17.0681 0.144
54962.442784 16.683 0.087
54962.460441 16.67 0.087
54962.478140 16.8639 0.091
54962.495811 16.9938 0.095
54978.418039 16.5443 0.124
54978.425179 16.7086 0.133
54978.432166 16.7024 0.133
54978.439078 16.6512 0.165
55163.711841 16.673 0.136
55163.717685 16.633 0.135
55163.723558 16.6085 0.132
55163.729390 16.6336 0.131
55294.534342 16.6921 0.117
55302.559332 16.8435 0.100
55246.615256 16.8805 0.092
55253.596199 16.8376 0.120
55205.724726 16.9959 0.111
55205.749048 16.9121 0.108
55385.369704 16.8967 0.195
55385.390484 16.3583 0.151
55361.441838 16.87 0.120
55361.463563 16.976 0.126
55265.599939 16.8498 0.100
55328.408596 16.88 0.121
55328.437023 16.7148 0.114
55654.386779 16.811 0.116
55680.490208 16.8229 0.109
55680.511375 16.9329 0.116
55615.616719 16.9913 0.125
55615.659564 16.8097 0.118
55562.660729 16.7654 0.104
55562.704239 16.7015 0.103
55590.675496 16.8699 0.107
55590.718198 16.7019 0.101
55647.568518 17.0105 0.112
55647.593965 16.9187 0.109
55696.493936 16.9049 0.120
55696.504612 17.0261 0.126
55696.526107 16.8641 0.120
55740.401616 17.1739 0.123
55740.409405 17.0799 0.119
55740.417186 16.9732 0.115
55740.424949 16.9954 0.120
56004.582882 16.7984 0.099
56004.597008 16.8835 0.102
56004.611144 17.0096 0.107
56004.625318 17.0641 0.109
56064.483174 16.9585 0.106
56064.493769 16.9883 0.108
56064.504402 17.0157 0.109
56064.515006 16.9422 0.106
56093.448379 16.7505 0.114
56093.453751 16.8201 0.116
56093.459090 16.7165 0.113
56093.464490 14.9447 0.309
56243.710845 16.7431 0.099
56243.719315 16.9442 0.105
56243.727785 16.8434 0.101
56243.736361 16.9445 0.103
56274.708715 16.8056 0.115
56274.717156 16.7915 0.124
56274.725783 16.933 0.121
56274.735610 17.0208 0.127
56357.602607 17.0124 0.116
56357.614436 17.0463 0.119
56357.626295 16.9744 0.115
56357.638306 16.832 0.109
56384.509914 16.8798 0.106
56384.524578 17.022 0.112
56384.538829 16.9329 0.108
56384.553058 16.8823 0.106
56402.484707 16.9381 0.111
56402.493789 16.8681 0.109
56402.502829 16.8265 0.107
56402.512509 16.7859 0.105
56418.417441 16.8589 0.085
56418.426813 16.9478 0.089
56418.437325 16.9375 0.087
56418.446666 16.9736 0.088
56461.367790 16.9918 0.102
56461.379030 17.0331 0.104
56461.390319 16.8449 0.098
56461.401622 16.8572 0.099
