54757.450607 13.0677 0.057
54729.508803 12.9788 0.056
54757.441762 13.0694 0.057
54729.499413 12.9687 0.056
54729.490006 12.9759 0.056
54758.438944 13.0498 0.057
54757.432935 13.0798 0.057
54757.459453 13.0364 0.057
55324.686548 12.8949 0.057
55084.528247 12.8785 0.056
55084.519336 12.8854 0.056
55324.663188 12.9521 0.057
55127.496095 13.0142 0.057
55127.504830 13.0386 0.057
55127.487411 12.987 0.057
55084.537067 12.8837 0.056
55127.513635 13.0356 0.057
55421.572305 13.0673 0.057
55394.634123 12.9804 0.055
55394.597151 13.0406 0.055
55362.807010 13.0371 0.054
55362.767798 13.087 0.054
55449.458052 13.0213 0.054
55421.601900 13.0565 0.057
55013.655821 13.0619 0.057
54758.447767 13.0639 0.057
55035.662355 12.929 0.056
55013.643247 13.0659 0.057
54758.456607 12.9836 0.057
55013.631709 13.0485 0.057
54758.465462 13.0178 0.061
54951.698962 13.043 0.057
55035.669873 12.9146 0.056
54632.627136 12.9999 0.053
54591.776353 13.0287 0.053
54632.617344 13.0634 0.053
54632.608406 13.0584 0.053
54591.786933 13.0368 0.053
54632.599691 13.0667 0.053
54591.781464 13.0401 0.053
55061.471488 13.022 0.055
55061.452030 12.9805 0.055
55035.677383 12.9108 0.056
55061.464995 13.0292 0.055
55061.458512 13.0073 0.055
55084.510557 12.8613 0.056
55035.684904 12.9028 0.056
54650.556272 12.9781 0.053
54675.679245 13.0941 0.057
54675.651132 13.0656 0.056
54650.542897 12.9574 0.053
54675.660516 13.1111 0.057
54650.562964 13.0227 0.053
54650.549530 12.9735 0.053
54675.669856 13.0806 0.056
56184.505466 12.9764 0.054
56152.535713 12.9724 0.053
56184.528062 13.0461 0.054
56184.516681 13.0161 0.054
56152.524288 12.9683 0.053
56152.547098 13.0006 0.053
56184.539458 13.0735 0.054
56152.512416 12.9373 0.053
56097.697959 13.0399 0.069
56129.648415 13.0559 0.054
56129.631220 13.0104 0.054
56129.622840 13.0018 0.054
56097.708645 13.0446 0.062
56097.687203 12.9634 0.086
56097.719362 13.0539 0.058
56129.639630 13.0265 0.054
55861.435130 12.9701 0.054
55861.442304 12.9953 0.054
55830.476194 12.9942 0.054
55830.490179 13.0368 0.054
55830.518490 13.0438 0.054
55861.449364 13.0213 0.054
55830.504314 13.0339 0.054
55861.427971 12.9583 0.054
56421.714771 12.964 0.054
56421.695436 12.9255 0.054
56390.723831 12.9479 0.056
56421.685922 12.9198 0.054
56390.734528 12.922 0.054
56421.705140 12.9522 0.054
56390.755909 13.0513 0.057
56390.745187 12.9699 0.057
55770.548551 13.0643 0.053
55744.575359 12.9263 0.054
55770.509723 13.0023 0.053
55770.522484 13.0323 0.053
55770.535277 13.0602 0.053
55744.562056 12.9192 0.055
55744.548882 12.9589 0.055
55696.689790 12.9997 0.054
55663.776913 13.03 0.055
55744.535931 12.9747 0.055
55663.739285 13.0982 0.055
55696.677661 13.0416 0.054
55511.452391 12.9143 0.053
55696.714201 12.9387 0.054
55511.440892 12.8613 0.052
55892.439119 13.0466 0.055
55892.431817 13.0626 0.055
55892.446348 13.0602 0.055
55892.453507 13.0545 0.055
56063.648472 13.023 0.054
56063.635655 12.9267 0.053
56063.674197 12.9508 0.053
56063.661345 12.9913 0.054
55474.478160 12.9891 0.053
55449.470037 13.0185 0.054
55468.475539 12.9696 0.053
55449.482068 12.9812 0.054
55489.419770 13.0319 0.051
55449.494055 12.9642 0.054
55474.466640 12.9727 0.053
55468.450105 13.0466 0.054
56451.759889 13.0567 0.053
56451.772825 13.0468 0.053
56451.785781 13.0051 0.054
56451.798805 12.9539 0.054
54273.644315 13.068 0.057
54273.634488 13.0694 0.057
54273.654759 13.0702 0.057
54296.599522 13.0385 0.054
54296.612963 12.9997 0.054
54296.586402 13.0555 0.054
54273.625038 13.0478 0.057
54062.418855 12.9335 0.057
54005.511489 13.0305 0.057
54062.425224 12.9611 0.058
54018.542741 13.0623 0.058
54005.501476 13.0566 0.058
54018.512761 12.9832 0.057
54034.422296 13.028 0.058
54018.522751 13.039 0.058
54018.532717 13.0326 0.058
54062.431535 12.9823 0.058
54187.749059 12.985 0.058
54210.761280 13.0428 0.055
54187.755819 12.9798 0.058
54187.762559 12.9995 0.058
54210.794232 12.9482 0.054
54210.772125 13.0302 0.055
54187.742422 12.9702 0.058
54210.783211 12.9887 0.054
54062.437843 13.0353 0.058
54591.771361 13.0145 0.053
54417.427920 12.9371 0.055
54388.566233 12.8863 0.057
54417.437723 12.9548 0.055
54417.447524 12.9694 0.055
54417.418119 12.9096 0.055
54388.559631 12.892 0.057
54388.553001 12.9113 0.057
54388.572841 12.9273 0.058
54346.537484 13.0737 0.054
54346.557431 13.0621 0.054
54296.626716 12.9665 0.054
54316.541395 13.0388 0.058
54316.555716 13.0752 0.064
54316.548612 13.0552 0.058
54346.547502 13.071 0.054
54316.532880 13.0189 0.057
54346.571760 13.016 0.054
54262.670925 13.0652 0.059
54242.796087 12.9494 0.055
54262.682169 13.0648 0.059
54242.750750 13.0386 0.055
54242.780464 12.9693 0.054
54242.765320 13.0183 0.055
54262.649781 13.0624 0.059
54262.660210 13.0811 0.059
54358.617475 12.974 0.055
54377.438811 12.8975 0.057
54358.592980 12.9237 0.055
54377.467129 12.9392 0.057
54358.609309 12.93 0.055
54377.457705 12.916 0.057
54377.448266 12.9149 0.057
54358.601152 12.9266 0.055
53606.541519 13.166 0.055
53594.633120 12.9917 0.056
53606.527582 13.1701 0.056
53618.558173 12.9832 0.057
53618.546356 12.9976 0.057
53618.570102 12.9791 0.056
53606.555444 13.1222 0.055
53606.513416 13.1701 0.055
53821.778806 13.0312 0.056
53694.444116 13.0515 0.059
53851.724775 13.0255 0.053
53821.773704 13.0267 0.056
53821.784013 13.0749 0.057
53694.431265 13.076 0.059
53694.437684 13.0701 0.059
53694.450579 13.1005 0.059
53821.789158 13.0784 0.057
53945.575644 13.0101 0.055
53973.581803 12.9656 0.057
53973.590156 12.9756 0.057
53973.598506 12.9683 0.057
53945.547432 13.0624 0.055
53945.589268 12.9955 0.055
53973.573477 12.9819 0.057
53945.561966 13.0534 0.055
53990.562439 13.0803 0.058
53990.536834 13.0964 0.058
54005.481785 13.1015 0.058
53990.545356 13.1005 0.058
53994.470516 13.093 0.059
53994.485791 13.2216 0.078
53994.493424 13.2732 0.120
53990.553892 13.0901 0.058
53994.478156 13.0403 0.063
54005.491604 13.0818 0.058
53594.614302 13.0126 0.056
53580.669366 13.1216 0.057
53594.604724 13.0502 0.057
53580.691216 13.0367 0.056
53580.658461 13.1418 0.057
53580.680288 13.0545 0.056
53594.623606 13.0021 0.056
53593.434703 13.1484 0.055
53882.657074 12.9743 0.056
53851.751524 13.102 0.054
53882.666839 12.9594 0.056
53851.738124 13.0731 0.054
53851.764989 13.1309 0.054
53882.676757 12.9579 0.056
53882.686763 12.9602 0.056
53668.403368 13.0073 0.057
53635.412827 13.1032 0.056
53668.411528 13.0536 0.057
53635.438626 13.0558 0.056
53668.427846 13.064 0.057
53635.425780 13.0749 0.056
53618.581917 12.9921 0.057
53668.419684 13.0455 0.057
53635.451310 13.052 0.056
