53598.389389 16.478 0.128
53598.397168 16.4324 0.126
53598.405058 16.6283 0.137
53598.413056 16.5333 0.132
53613.421038 16.4485 0.150
53613.429612 16.558 0.159
53613.438190 16.5217 0.158
53613.446790 16.4257 0.152
53554.500014 16.5953 0.135
53554.505822 16.6698 0.140
53554.511643 16.5904 0.135
53554.517465 16.794 0.147
53561.497787 16.1691 0.126
53561.503374 16.1268 0.125
53561.508891 16.0828 0.124
53561.514538 16.3052 0.142
53578.481419 16.1943 0.106
53578.487436 16.08 0.102
53578.493460 16.0876 0.103
53578.499472 15.9487 0.098
53851.512024 16.4571 0.090
53851.525532 16.3949 0.088
53851.539936 16.3659 0.087
53851.554043 16.3854 0.088
53962.439648 16.3967 0.106
53962.448356 16.4069 0.106
53962.457110 16.4304 0.108
53962.465871 16.4587 0.109
53772.702897 16.3685 0.126
53772.711709 16.5195 0.134
53772.720218 16.456 0.130
53772.728570 16.4727 0.130
53919.431847 16.3858 0.121
53919.440401 16.3968 0.123
53919.448918 16.4699 0.128
53919.457433 16.3896 0.127
53928.390335 16.5682 0.129
53928.399018 16.6295 0.133
53928.407593 16.4702 0.125
53928.416129 16.7585 0.140
53944.460436 16.5663 0.113
53944.474725 16.5993 0.114
53900.482191 16.4658 0.123
53900.490743 16.4454 0.122
53900.499329 16.6555 0.132
53900.507903 16.5343 0.126
53914.509834 16.6947 0.136
53914.518334 16.6213 0.132
53914.526891 16.6653 0.134
53914.535415 16.7456 0.139
53804.661252 16.0928 0.103
53804.667092 16.1061 0.104
53804.673695 16.1428 0.105
53804.679864 16.1781 0.106
53819.618734 16.5221 0.080
53819.641176 16.4368 0.079
53819.663045 16.4356 0.078
53819.684615 16.418 0.078
53859.648834 16.4733 0.117
53859.659281 16.4379 0.116
53859.669740 16.4573 0.117
53859.680156 16.3082 0.111
53872.602346 16.5117 0.119
53872.612044 16.5574 0.121
53872.621729 16.4695 0.117
53872.631483 16.4237 0.116
53877.589543 16.2656 0.094
53877.600501 16.2524 0.094
53877.611431 16.3693 0.097
53877.622580 16.3354 0.096
53885.571255 16.5881 0.105
53885.582371 16.6867 0.109
53885.593331 16.5784 0.105
53885.604303 16.6681 0.109
54199.762881 16.5899 0.118
54199.769491 16.5499 0.116
54199.776217 16.6906 0.123
54199.782818 16.5908 0.119
54207.637674 16.6006 0.140
54323.429970 16.542 0.110
54323.440897 16.5039 0.108
54323.451867 16.5633 0.111
54323.462774 16.5951 0.113
54155.686236 16.4143 0.111
54155.697379 16.4556 0.112
54155.708665 16.4583 0.113
54155.720409 16.4512 0.112
54131.697942 16.4783 0.136
54131.707399 16.3764 0.130
54131.737799 16.4497 0.133
54131.747416 16.6128 0.143
54285.512600 16.452 0.106
54285.520801 16.3694 0.104
54285.529105 16.4414 0.106
54285.537300 16.5649 0.111
54297.483243 16.5182 0.109
54297.493587 16.4934 0.108
54297.503926 16.7247 0.118
54297.514254 16.6941 0.117
54260.526888 15.99 0.099
54260.537769 16.0018 0.100
54260.548643 16.0724 0.102
54260.559511 16.0648 0.103
54267.561139 16.6235 0.135
54267.569735 16.5609 0.132
54267.578395 16.669 0.139
54267.587052 16.5693 0.133
54173.579296 16.6577 0.121
54173.589126 16.6132 0.119
54173.598930 16.7393 0.124
54173.608752 16.7129 0.123
54181.714542 16.4911 0.113
54181.725707 16.4676 0.112
54181.736846 16.458 0.112
54181.747968 16.6422 0.121
54187.597925 16.4592 0.132
54187.609172 16.4604 0.132
54187.620576 16.3124 0.152
54187.632397 16.2917 0.142
54234.624001 16.7343 0.149
54234.634761 16.6892 0.147
54234.645624 16.6985 0.148
54234.656399 16.6503 0.146
54242.589941 16.2688 0.133
54242.599803 16.2492 0.129
54242.609625 16.102 0.101
54242.619466 16.2766 0.122
54355.388922 16.4718 0.132
54355.396943 16.4197 0.129
54355.417596 16.4446 0.133
54355.422737 16.4013 0.131
54680.419056 16.6767 0.106
54680.428874 16.6207 0.118
54680.438681 16.2564 0.146
54691.436278 16.6234 0.105
54691.447493 16.4894 0.101
54691.455662 16.5695 0.104
54691.463831 16.5477 0.104
54512.713677 16.3341 0.092
54512.728871 16.3893 0.094
54512.744544 16.4174 0.095
54477.703461 16.6926 0.157
54477.712510 16.6413 0.152
54477.721407 16.7905 0.160
54477.730307 16.7426 0.159
54627.550779 16.6391 0.093
54627.557425 16.6309 0.093
54627.564076 16.6589 0.094
54627.570701 16.6307 0.093
54645.538882 16.5313 0.116
54645.547612 16.715 0.125
54645.556310 16.5459 0.117
54645.565090 16.6674 0.123
54526.730746 16.5438 0.129
54526.739711 16.6714 0.136
54526.748550 16.7763 0.142
54526.757148 16.7528 0.141
54534.741606 15.9055 0.103
54534.750295 16.0463 0.108
54534.759062 16.0292 0.108
54534.767969 16.1185 0.111
54589.664232 16.6056 0.102
54589.672938 16.54 0.100
54589.681660 16.5869 0.102
54589.690387 16.6232 0.103
54595.633249 16.6652 0.121
54595.643604 16.4385 0.110
54595.653922 16.367 0.107
54595.664284 16.2577 0.103
54615.590758 16.5125 0.098
54615.595229 16.5353 0.098
54615.599642 16.5873 0.100
54615.604043 16.513 0.098
54710.388205 15.9472 0.085
54710.396444 15.9206 0.084
54710.404606 15.863 0.083
54710.412761 15.9153 0.085
54922.677909 16.4177 0.110
54922.689771 16.3556 0.101
54922.701643 16.4699 0.120
54922.713480 16.4891 0.156
55057.415310 16.5518 0.104
55057.423763 16.5896 0.105
55057.432230 16.5819 0.105
55057.440695 16.5058 0.103
54869.666153 16.5273 0.151
54869.679145 16.699 0.161
54869.692239 16.6948 0.160
54869.705367 16.676 0.158
54859.682215 16.4107 0.099
54859.692989 16.4604 0.101
54859.703750 16.4595 0.100
54859.714871 16.4357 0.099
55031.463675 16.1485 0.108
55031.472057 16.0857 0.106
55031.480512 16.051 0.105
55031.488925 16.0677 0.106
54993.495248 16.3729 0.116
54993.502807 16.3833 0.117
54993.510521 16.5298 0.124
54993.518149 16.4693 0.121
55001.534627 16.6077 0.114
55004.503645 16.5748 0.120
55004.517417 16.6896 0.131
55004.531288 16.6971 0.136
55004.545164 16.6232 0.135
54896.720898 16.2356 0.092
54896.727568 16.2411 0.092
54896.734169 16.3123 0.093
54896.740726 16.2923 0.093
54909.642483 16.4086 0.115
54909.651533 16.3811 0.114
54954.567767 16.4199 0.117
54954.575655 16.4085 0.116
54954.583380 16.4483 0.118
54954.591069 16.4441 0.118
54975.564369 16.6035 0.106
54975.573499 16.5707 0.116
54975.582607 16.7687 0.216
54975.591730 16.3803 0.139
55299.775960 16.3783 0.094
55414.397650 16.2299 0.096
55414.427067 16.3315 0.099
55220.716583 16.7657 0.163
55220.746381 16.6388 0.132
55381.490586 16.6401 0.110
55353.505663 16.5124 0.112
55353.542885 16.6225 0.127
55360.594127 16.511 0.105
55360.615419 16.6563 0.111
55263.702556 16.7017 0.114
55326.599264 16.6616 0.136
55653.758012 16.1281 0.083
55653.809514 16.2194 0.090
55673.624099 16.5416 0.084
55681.628040 16.4887 0.096
55681.670960 16.399 0.093
55718.505560 16.2571 0.090
55718.519628 16.3681 0.094
55718.533802 16.4265 0.099
55718.548055 16.4442 0.182
55634.742501 16.5079 0.107
55634.786801 16.5127 0.107
55701.556038 16.502 0.095
55701.570501 16.614 0.098
55701.584691 16.5789 0.097
54187.645374 16.158 0.117
54187.657536 15.8902 0.246
54187.669389 16.1941 0.119
54187.680870 16.2202 0.120
55742.455921 16.6172 0.187
55742.466645 17.0329 0.302
55742.498809 16.6774 0.166
55742.509509 16.6291 0.144
55773.452184 16.5542 0.102
55773.460976 16.6081 0.104
55773.469837 16.479 0.100
55773.478799 16.402 0.098
55799.432467 16.5573 0.103
55799.439533 16.465 0.101
55799.446632 16.5256 0.103
55799.453706 16.3639 0.098
55978.720205 16.4868 0.101
55978.733066 16.4474 0.118
55978.745982 16.5549 0.106
55978.758782 16.6682 0.112
56037.652602 16.4517 0.089
56037.665402 16.4587 0.089
56037.678234 16.4508 0.089
56037.691025 16.4603 0.089
56048.608074 16.6008 0.082
56048.620265 16.4977 0.080
56048.632610 16.3506 0.077
56048.644917 16.225 0.075
56058.636778 16.5156 0.093
56058.649501 16.4288 0.091
56058.662368 16.3455 0.089
56058.675206 16.3247 0.089
56068.566776 16.4383 0.090
56068.577430 16.5047 0.092
56068.588169 16.524 0.092
56068.598840 16.4016 0.089
56074.574054 16.5177 0.104
56074.584678 16.5384 0.105
56074.595402 16.4712 0.104
56074.606318 16.502 0.105
56092.581416 16.7121 0.111
56092.589979 16.67 0.112
56092.598691 16.6099 0.114
56092.607341 16.3949 0.159
56116.439829 16.5686 0.104
56116.448279 16.3846 0.086
56116.456701 16.2823 0.084
56116.465281 16.1798 0.082
56148.389058 16.6796 0.100
56148.397373 16.6309 0.099
56148.405861 16.6617 0.100
56148.414137 16.5846 0.098
56364.560305 16.5861 0.119
56364.570484 16.6392 0.121
56364.580666 16.7003 0.124
56364.590802 16.7056 0.123
56376.646792 16.1024 0.086
56376.661739 16.1686 0.088
56376.676564 16.2695 0.090
56376.691380 16.3802 0.102
56393.629882 16.2614 0.088
56393.638884 16.1907 0.086
56393.647827 16.2654 0.088
56393.656815 16.2406 0.087
56405.562989 16.2056 0.081
56405.571669 16.3305 0.083
56405.582766 16.2677 0.082
56405.593643 16.2751 0.082
56405.604451 16.3258 0.083
56419.572530 16.3306 0.083
56419.583161 16.3054 0.083
56419.593969 16.3741 0.135
56419.604783 15.7163 0.293
56419.663287 16.5556 0.150
56419.674000 16.1181 0.093
56419.684786 16.5119 0.093
56419.695578 16.4637 0.147
56446.524656 16.4599 0.086
56446.536141 16.3905 0.085
56446.547698 16.3649 0.084
56446.559391 16.443 0.087
56495.450925 16.4216 0.094
56495.460009 16.2156 0.088
56495.470018 16.3008 0.091
56495.478973 16.3827 0.094
