53594.780018 19.0695 0.516
53594.788505 18.72 0.423
53594.797167 19.1617 0.543
53594.805871 18.7975 0.439
53714.607569 19.0535 0.364
53714.635983 19.0647 0.369
53714.650230 19.1248 0.382
53734.596862 19.1069 0.481
53734.603694 19.1445 0.495
53734.610522 19.4537 0.594
53734.617346 18.883 0.428
53690.646088 19.3127 0.532
53655.743137 19.1653 0.451
53655.749697 18.5048 0.310
53655.756293 18.6356 0.333
53655.762886 19.0868 0.433
53670.671745 19.3916 0.623
53670.680414 18.8143 0.448
53670.689122 18.8258 0.451
53670.697954 19.3251 0.604
53617.784315 19.1866 0.559
53617.791115 19.1501 0.548
53617.797953 18.9826 0.494
53617.804945 19.023 0.513
54079.650291 19.4097 0.467
54079.664110 17.9787 0.215
54079.677885 18.6821 0.312
54079.691663 19.2375 0.431
54084.553093 19.4797 0.594
54084.562504 19.6622 0.664
54084.571867 19.3699 0.557
54084.581250 19.046 0.495
54097.568378 19.0551 0.473
54097.576913 19.0398 0.468
54097.585458 19 0.458
54097.593978 19.1055 0.489
53756.545483 18.5518 0.283
53756.556417 18.7415 0.313
53756.567379 18.8139 0.326
53756.578352 18.6604 0.302
53941.815064 19.2395 0.498
53941.818462 19.0389 0.443
53941.822048 19.1362 0.466
53941.825435 19.0762 0.450
53819.410817 19.203 0.425
53819.416379 18.8604 0.352
53819.421964 19.1803 0.423
53819.427544 20.0347 0.698
54059.655336 18.7398 0.307
54059.670232 18.7085 0.303
54059.685136 18.8672 0.331
54067.540700 18.3939 0.338
54067.551295 18.476 0.352
54067.562203 18.2468 0.386
54067.572179 18.5512 0.368
54021.665196 19.0392 0.437
54021.674899 19.4695 0.561
54021.684162 19.2482 0.494
54022.645589 18.5147 0.333
54022.665250 18.7312 0.375
54022.675012 18.7922 0.387
54039.585924 18.2952 0.304
54039.596693 18.3332 0.311
54039.607763 18.292 0.305
54039.620111 18.3986 0.321
54004.593695 18.9224 0.422
54004.603053 19.2172 0.497
54004.612434 19.2066 0.497
54200.378111 18.1041 0.295
54200.386625 18.5072 0.359
54200.395177 18.076 0.330
54200.403721 18.3289 0.333
54114.543589 19.2379 0.531
54114.550412 19.2964 0.551
54114.557247 19.0427 0.475
54114.564085 18.9068 0.441
54129.468152 19.5319 0.610
54129.477127 19.096 0.472
54129.486181 19.3019 0.532
54129.495185 19.5402 0.611
54172.427449 17.6893 0.182
54172.435623 18.2364 0.239
54172.443803 18.0482 0.218
54172.451974 18.2912 0.246
54412.679517 18.8452 0.416
54412.688892 18.9811 0.504
54424.520764 18.8547 0.579
54424.529745 18.968 0.614
54391.686527 18.9003 0.418
54391.695446 18.9017 0.419
54391.704053 18.9551 0.432
54391.712744 18.9168 0.422
54354.713344 18.6894 0.367
54354.720393 18.446 0.321
54354.728491 18.8535 0.410
54354.735552 18.4431 0.320
54801.584594 18.9627 0.398
54801.590820 18.8073 0.375
54801.596955 18.2519 0.281
54801.603056 18.3225 0.278
54831.542317 18.9446 0.343
54831.553478 18.8996 0.336
54831.564655 19.4318 0.455
54831.575841 19.1532 0.389
54506.544823 19.8014 0.690
54506.552759 18.5812 0.343
54506.560701 18.4747 0.326
54506.568635 18.6721 0.365
54467.558957 18.1261 0.215
54467.565566 17.3608 0.150
54467.572178 18.2694 0.231
54467.578796 18.4593 0.254
54473.575445 18.7017 0.373
54473.583381 19.7379 0.683
54473.591321 18.6791 0.371
54473.599244 19.1053 0.476
54488.475370 19.2372 0.405
54488.486591 18.9183 0.339
54488.497809 19.1735 0.391
54529.437790 18.8358 0.313
54529.445968 19.1207 0.368
54529.454128 19.0825 0.362
54529.462302 19.2472 0.399
54794.632042 18.2089 0.199
54794.641694 18.2943 0.208
54794.651361 18.48 0.228
54794.661007 18.2237 0.202
54762.568398 18.9879 0.402
54762.579112 18.9465 0.393
54762.589937 18.5139 0.309
54762.600669 18.7554 0.351
54769.559166 18.9432 0.418
54769.568513 19.0827 0.448
54769.577654 18.5142 0.335
54769.586867 18.494 0.306
54718.734977 18.9031 0.270
54718.748743 18.6979 0.242
54718.763008 18.3527 0.203
54718.777534 18.3909 0.206
55179.625567 18.7529 0.237
55179.638655 20.6531 0.694
55179.651703 19.2889 0.328
55179.665063 18.6701 0.241
54863.521633 19.1565 0.533
54863.530029 19.2329 0.442
54863.538433 19.2994 0.464
54863.546840 18.9948 0.395
54894.420377 18.238 0.205
54894.426784 18.2751 0.209
54894.433197 18.8503 0.291
54894.439609 18.625 0.255
54915.399637 19.1845 0.339
54915.407224 19.0249 0.309
54915.413663 18.9334 0.296
54915.420096 19.0478 0.315
55148.673926 19.0108 0.290
55148.689131 18.7851 0.203
55148.704336 18.9018 0.216
55148.719595 18.8028 0.200
55150.643213 18.6587 0.215
55150.663394 18.7653 0.226
55150.676334 19.44 0.321
55150.689309 19.2964 0.297
55163.597133 18.9467 0.249
55163.610859 19.2458 0.294
55163.624510 19.5232 0.344
55163.638133 18.9784 0.253
55105.754331 18.3938 0.255
55105.760812 18.216 0.222
55105.767328 18.372 0.239
55105.773820 18.4948 0.257
55113.708005 18.0843 0.200
55113.719448 18.31 0.226
55113.730848 18.0642 0.199
55113.742202 18.3296 0.228
55122.660937 19.3287 0.340
55122.672357 18.6714 0.240
55122.684016 19.1652 0.311
55122.695116 18.9456 0.277
55438.770643 19.4782 0.521
55438.791289 19.4319 0.504
55542.562451 19.1706 0.347
55542.596232 19.5598 0.435
55560.550213 18.7311 0.274
55560.571365 18.7168 0.271
55242.484045 18.8938 0.381
55205.577777 18.6982 0.229
55205.602083 18.5118 0.212
55208.552962 18.9363 0.302
55208.572392 19.3281 0.376
55264.468483 18.8074 0.303
55504.712104 18.6731 0.229
55485.730068 19.1391 0.278
55485.755575 18.6602 0.221
55617.463255 18.0732 0.200
55617.484581 18.1744 0.214
55587.447944 19.1358 0.286
55587.479541 18.1792 0.183
55651.400532 18.8278 0.302
55651.416509 18.646 0.280
55809.641449 18.9072 0.391
55809.651227 18.9859 0.402
55809.661043 19.3552 0.490
55809.670759 18.3886 0.285
55852.573355 19.8481 0.495
55852.584181 19.1394 0.330
55852.594989 19.0829 0.318
55852.605754 19.0898 0.321
55884.634132 18.1065 0.142
55884.652804 18.3003 0.159
55884.671633 18.0879 0.143
55884.690508 18.3051 0.177
55963.450253 18.6206 0.204
55963.464382 19.114 0.261
55963.478539 18.8651 0.231
55963.492628 19.1014 0.262
56019.426753 20.0084 0.535
56019.432088 19.1427 0.330
56019.437331 18.8444 0.279
56019.442768 19.1217 0.326
56222.718194 18.9365 0.226
56222.730391 18.1293 0.155
56222.742546 18.7046 0.201
56222.754804 18.6774 0.198
56255.658944 18.4896 0.188
56255.672736 18.1646 0.162
56255.685809 18.5069 0.192
56255.702585 18.6508 0.208
56293.588719 19.3769 0.356
56293.598214 19.1837 0.323
56293.607900 19.2439 0.334
56293.617449 19.099 0.309
56375.433592 18.7421 0.244
56375.443221 18.7307 0.243
56375.452886 18.5207 0.219
56375.462542 19.2156 0.319
