53588.497155 14.5995 0.067
53588.514340 14.5663 0.067
53588.531632 14.5792 0.067
53606.432369 14.7285 0.064
53606.452532 14.7142 0.064
53606.472604 14.737 0.064
53606.491915 14.7329 0.064
53556.572003 14.6482 0.076
53556.579718 14.6409 0.076
53556.587561 14.6587 0.077
53556.595353 14.6736 0.077
53576.568420 14.7809 0.074
53576.576640 14.7252 0.073
53576.584868 14.8007 0.075
53576.593069 14.783 0.074
53692.431279 14.5539 0.081
53692.437878 14.6137 0.083
53692.444475 14.6111 0.083
53692.451091 14.6031 0.083
53692.457812 14.596 0.083
53664.425181 14.786 0.077
53664.433349 14.7924 0.077
53664.441525 14.7624 0.077
53664.449731 14.7898 0.077
53614.428785 14.6237 0.068
53614.442033 14.5797 0.068
53614.454972 14.6156 0.070
53614.467621 14.5694 0.068
53636.432022 14.8523 0.070
53636.444664 14.704 0.071
53636.457276 14.7198 0.071
53636.469924 14.685 0.071
53850.683674 14.5657 0.059
53850.695359 14.5501 0.059
53850.707021 14.557 0.060
53850.718702 14.5984 0.059
53959.491380 14.5795 0.064
53959.501435 14.6127 0.065
53959.511475 14.5888 0.064
53959.521502 14.5613 0.064
53973.488924 14.8089 0.078
53973.498833 14.8103 0.078
53973.508761 14.8134 0.078
53973.518653 14.8169 0.078
53936.478070 14.8068 0.071
53936.488968 14.7755 0.070
53936.499898 14.8111 0.071
53936.511061 14.7797 0.070
53945.501207 14.7712 0.070
53945.511831 14.7389 0.070
53945.522812 14.7496 0.070
53945.533340 14.7019 0.069
53903.587835 14.6945 0.069
53903.601308 14.6935 0.069
53903.614988 14.6955 0.069
53903.629131 14.6393 0.068
53912.588118 14.6463 0.074
53912.597673 14.6595 0.075
53912.607310 14.5776 0.073
53912.616851 14.62 0.074
53806.749360 14.7895 0.076
53806.757443 14.8246 0.084
53806.765431 14.7636 0.077
53821.734555 14.7585 0.074
53821.738510 14.824 0.075
53821.742472 14.8326 0.075
53821.746463 14.8435 0.076
53881.666383 14.6178 0.072
53881.678237 14.6369 0.073
53881.690676 14.6268 0.119
53881.703135 14.6361 0.075
54018.462998 14.7264 0.078
54018.472711 14.7636 0.079
54018.482419 14.7203 0.078
54018.492153 14.6931 0.078
54029.399910 14.8496 0.071
54029.409729 14.8631 0.071
54029.419534 14.8636 0.071
53989.445418 14.7906 0.087
53990.477391 14.6299 0.075
53990.485892 14.6497 0.075
53990.494403 14.6366 0.075
53990.502897 14.6369 0.075
53994.423846 14.7602 0.078
53994.432362 14.7822 0.078
53994.440900 14.7609 0.078
53994.449439 14.8079 0.080
54005.448423 14.7123 0.077
54005.457346 14.7007 0.076
54005.466270 14.671 0.076
54005.474944 14.7372 0.077
54199.705074 14.8285 0.069
54199.718361 14.926 0.071
54199.731664 14.8872 0.070
54199.744979 14.8796 0.070
54206.687857 14.5239 0.077
54206.696853 14.5581 0.077
54206.705855 14.5559 0.077
54206.714834 14.563 0.077
54319.529450 14.7098 0.076
54319.540132 14.7016 0.076
54319.550641 14.6869 0.076
54319.561137 14.721 0.077
54333.540037 14.7886 0.071
54333.550997 14.7774 0.071
54333.561879 14.7733 0.071
54333.572757 14.7946 0.072
54291.568912 14.7593 0.078
54291.578060 14.7636 0.079
54291.587246 14.7403 0.079
54291.596769 14.7674 0.081
54260.571952 14.7258 0.075
54260.580751 14.8245 0.076
54260.589616 14.7863 0.075
54260.598581 14.7612 0.074
54274.667023 14.6187 0.075
54274.676946 14.5823 0.074
54274.686818 14.5898 0.075
54274.696757 14.5841 0.075
54236.646252 14.9182 0.099
54236.653159 14.7098 0.081
54236.660040 14.7419 0.082
54236.666945 14.7514 0.082
54378.428999 14.5884 0.076
54378.438843 14.5945 0.076
54378.448759 14.5959 0.076
54378.458621 14.5978 0.076
54388.492546 14.5811 0.076
54388.499382 14.5875 0.076
54388.506214 14.5638 0.076
54388.513044 14.5439 0.076
54344.525734 14.7729 0.071
54344.534398 14.8185 0.071
54344.543072 14.7631 0.071
54344.551716 14.7822 0.071
54356.416614 14.6292 0.070
54356.426715 14.5993 0.069
54356.436673 14.5881 0.069
54356.446627 14.6129 0.069
54362.410579 14.6406 0.076
54362.418852 14.6381 0.077
54362.427098 14.5908 0.076
54362.435340 14.6216 0.076
54704.438131 14.8138 0.068
54704.445922 14.8232 0.068
54704.453748 14.8221 0.068
54704.461616 14.8441 0.068
54525.775574 14.5642 0.083
54525.778218 14.5245 0.082
54525.780957 14.5695 0.082
54525.783661 14.4829 0.081
54677.570417 14.6758 0.066
54677.578671 14.6941 0.066
54677.587021 14.6531 0.066
54677.595219 14.658 0.066
54622.659294 14.8233 0.067
54622.675416 14.8553 0.068
54622.691341 14.8282 0.068
54622.706963 14.8313 0.071
54644.678858 14.7253 0.066
54644.690402 14.7428 0.067
54644.702070 14.7276 0.066
54644.713612 14.7273 0.067
54589.715401 14.722 0.067
54589.729552 14.703 0.066
54589.743965 14.7019 0.066
54589.759047 14.693 0.066
54599.654323 14.668 0.063
54599.667573 14.6676 0.062
54599.680854 14.6582 0.062
54599.694102 14.6576 0.062
54614.753135 14.6268 0.065
54614.766263 14.654 0.065
54614.779365 14.603 0.065
54614.792502 14.6352 0.065
54740.407603 14.832 0.078
54740.420710 14.8288 0.072
54740.432493 14.7993 0.073
54740.444197 14.7862 0.069
54757.394031 14.7503 0.076
54757.402942 14.7984 0.077
54757.411854 14.8201 0.077
54757.420806 14.7891 0.077
54729.407121 14.7407 0.075
54729.414857 14.6968 0.074
54729.422502 14.7438 0.075
54729.430107 14.7234 0.075
54925.748523 14.9931 0.076
54925.758319 14.8162 0.068
54925.768147 14.834 0.066
54925.777987 14.8362 0.066
55057.473625 14.6641 0.067
55057.481976 14.6217 0.066
55057.490248 14.6281 0.066
55057.498446 14.672 0.067
55032.596315 14.5994 0.073
54986.558028 14.7982 0.071
54986.565574 14.7673 0.071
54986.573169 14.78 0.071
54986.580735 14.7374 0.070
54954.609934 14.6583 0.068
54954.620366 14.6424 0.067
54954.630881 14.6507 0.067
55115.415511 14.6547 0.070
55115.421310 14.617 0.073
55115.427129 14.5517 0.120
55115.432958 14.6458 0.074
55123.444276 14.8222 0.069
55123.454890 14.8112 0.069
55123.465511 14.8071 0.069
55123.476133 14.7779 0.069
55083.488986 14.6847 0.060
55083.505703 14.6798 0.060
55083.522465 14.6902 0.060
55083.539214 14.7003 0.061
55413.544393 14.6847 0.068
55413.580774 14.7247 0.070
55381.621424 14.7072 0.065
55381.651985 14.7488 0.065
55393.568837 14.6024 0.063
55393.601560 14.6563 0.064
55397.486337 14.6966 0.068
55397.524800 14.7089 0.068
55362.597786 14.6145 0.074
55362.632525 14.6501 0.063
55275.751532 14.736 0.071
55330.611332 14.6273 0.069
55330.650614 14.696 0.069
55487.433331 14.7235 0.068
55487.463382 14.691 0.068
55445.479965 14.6787 0.068
55445.501662 14.6449 0.068
55681.699669 14.639 0.065
55709.577457 14.7785 0.066
55709.585922 14.7529 0.066
55709.594484 14.7868 0.066
55709.603044 14.8266 0.066
53588.559884 14.5715 0.067
53588.576917 14.5775 0.067
53588.593949 14.5715 0.067
53588.610911 14.5651 0.067
54029.440538 14.7459 0.077
54029.448281 14.7566 0.078
54029.456025 14.7441 0.077
54029.463762 14.793 0.078
55738.528929 14.6242 0.062
55738.533864 14.6062 0.062
55738.538820 14.5592 0.062
55738.543902 14.6065 0.062
55765.561007 14.7147 0.063
55765.569273 14.7825 0.063
55765.577557 14.7291 0.063
55765.585791 14.6729 0.062
55795.478478 14.6529 0.066
55795.490308 14.6764 0.066
55795.502217 14.6728 0.066
55795.514093 14.6245 0.067
55830.419115 14.7917 0.069
55830.432055 14.7992 0.069
55830.445232 14.8497 0.069
55830.458376 14.8499 0.070
55849.434421 14.4456 0.063
55849.444550 14.6097 0.065
55849.454640 14.4876 0.064
55849.465097 14.4737 0.064
56059.761613 14.7533 0.061
56059.776639 14.7116 0.060
56059.791720 14.6972 0.060
56059.806820 14.7287 0.060
56108.473404 14.7936 0.066
56108.479719 14.8162 0.065
56108.486058 14.8013 0.066
56108.498271 14.8068 0.065
56150.517453 14.8102 0.066
56150.526100 14.8236 0.066
56150.534563 14.816 0.066
56150.542957 14.8185 0.066
56182.500378 14.7163 0.066
56182.511619 14.7063 0.066
56182.522869 14.7268 0.066
56182.534202 14.7545 0.067
56213.431101 14.7771 0.063
56213.441715 14.7642 0.063
56213.452348 14.7301 0.063
56213.462939 14.7667 0.063
56383.771315 14.8207 0.066
56383.779052 14.8044 0.066
56383.786834 14.8036 0.066
56383.794608 14.8252 0.066
56415.765215 14.8264 0.071
56415.774624 14.8134 0.069
56415.782784 14.8638 0.075
56415.790567 14.8067 0.076
56459.583990 14.7528 0.075
56459.596075 14.6715 0.072
56459.608455 14.6626 0.074
56459.620646 14.7247 0.076
