53589.3676016433 16.449574 0.114529661868925
53589.3754869211 16.506591 0.117335580825352
53589.3832662618 16.671731 0.125283315880768
53589.390917222 16.719149 0.128011612085125
53590.3730921066 16.571362 0.124155907616878
53590.3827231946 16.627699 0.127755721724649
53590.3921996644 16.719937 0.133056548921094
53590.4017244098 16.530631 0.123956493857227
53726.7061868633 16.668485 0.145332667816368
53726.7140769792 16.649824 0.144230392062287
53726.7218085184 16.646349 0.143664227912027
53726.7295100812 16.523382 0.136225377517088
53556.4457973961 16.571206 0.134953079818337
53556.4526086572 16.459465 0.129011037297328
53556.4594170253 16.399999 0.126252874491626
53556.4662244675 16.398977 0.126361482249075
53831.5144407639 16.329064 0.109129860134289
53831.522019271 16.35892 0.110334218096084
53831.5297106483 16.483209 0.115543995379849
53831.5372447224 16.57635 0.119607200269801
53847.6030269213 16.571952 0.0921387521178685
53847.6236830557 16.543888 0.0916517954505644
53847.6444015972 16.716592 0.097156442474627
53847.6651762499 16.528594 0.0919578164033132
54087.696512859 16.576448 0.146030510372121
54087.7051139932 16.592909 0.146683693628909
54087.7138787961 16.539757 0.142411616282373
54087.7226511228 16.415383 0.135010106414726
53760.7470601622 16.491924 0.135021524644999
53760.7556673034 16.504035 0.13596256686232
53760.7641832406 16.453653 0.139425312924028
53764.6957618405 16.533912 0.13280917525533
53764.7086789814 16.576636 0.134862027361905
53764.7215190741 16.526696 0.132302084698638
53764.7337143865 16.409239 0.126435074952376
53765.6265008566 16.717396 0.0950617122799429
53765.6381420256 16.693311 0.0941954510535743
53765.6498112036 16.608953 0.0913021821720712
53765.6614905787 16.458266 0.0869674947268907
53766.6242532407 16.722357 0.108994819414264
53766.6416930671 16.509637 0.101301840588906
53766.6595973613 16.47386 0.0998457322822398
53766.6780802429 16.499814 0.100453050139211
53924.450278183 16.435778 0.105539985740724
53924.4584461921 16.4436 0.105978875886397
53924.466636308 16.486278 0.108259689304948
53924.4748111572 16.590212 0.11282391238261
53945.3843572224 16.438197 0.106714203030875
53945.3930757176 16.511402 0.10987698926927
53945.4017899423 16.606672 0.113937325716408
53945.4104842478 16.664319 0.116336013984287
53887.4642891437 16.460273 0.100853768443788
53887.4775957177 16.621183 0.106795086617746
53887.4908830673 16.627968 0.107287709479022
53887.5041529513 16.811357 0.38542090996654
53899.464138426 16.618372 0.124155907616878
53899.472681713 16.718265 0.129212701684903
53899.4811937731 16.707059 0.128915438133406
53899.489743021 16.604915 0.123842341367605
53806.5793821757 16.547851 0.118911643072512
53806.588615602 16.72479 0.127298344435222
53806.5980167591 16.710533 0.126636109390628
53806.6075058334 16.785397 0.130289607046794
53820.484515845 16.647295 0.122600971349487
53820.4947981599 16.734778 0.12699999715647
53820.5054582406 16.720594 0.126051326061465
53820.5164999423 16.65402 0.122676602514178
53859.5682206714 16.497905 0.117342100706302
53859.578690868 16.422377 0.114246427780445
53859.5891543405 16.359737 0.111991978730551
53859.5996128355 16.368 0.112450882186966
53873.5250859723 16.780479 0.132323210399981
53873.5340959026 16.723087 0.129244826068977
53873.5431327547 16.519142 0.119473305985275
53873.5522665974 16.449368 0.116639769157838
53879.5051779167 16.466559 0.116460066130624
53879.5147296993 16.450258 0.115884478412365
53879.5241794443 16.529867 0.119628395941729
53879.5336215395 16.661785 0.12612420272158
53886.4866060414 16.581168 0.10452567484001
53886.4987367475 16.535472 0.103264689824127
53886.5109814815 16.522852 0.102985934766008
53886.5229888312 16.445715 0.100524054002536
54195.6215137846 16.551365 0.134756099309557
54195.6317854744 16.682117 0.143148819975791
54195.6420182639 16.837146 0.152994396564484
54195.6522480554 16.925566 0.160376768128424
54209.6215240971 16.636169 0.143963222397975
54209.6279996877 16.643187 0.144440550158619
54209.6344040974 16.650578 0.145167593350476
54209.640800405 16.54542 0.138862337940063
54444.6852242361 16.597453 0.142514070621862
54444.6943375577 16.679718 0.146096880142368
54444.7034186806 16.753726 0.150224803623346
54444.7126785299 16.760044 0.149819657077226
54150.7206197223 16.765127 0.148092486312188
54150.7315089121 16.685763 0.166497693914075
54150.7423603819 16.439022 0.112153020866444
54150.7532180902 16.433435 0.111952765480461
54122.6617124653 16.554306 0.115919585452193
54122.6733130207 16.425607 0.110384421470206
54122.685065324 16.461641 0.111472793346774
54122.6970190276 16.553091 0.115223810609882
54296.4392915047 16.395791 0.104896154300364
54296.447492396 16.514956 0.109487686088277
54296.4556729514 16.597665 0.113279031202757
54296.4638496181 16.817983 0.123424704013938
54260.4502161457 16.782181 0.131965823424457
54260.460034919 16.822876 0.134941683671107
54260.4698764929 16.636201 0.125839483380439
54273.4319475812 16.679898 0.135562284134498
54273.4396295833 16.672992 0.135570012173184
54273.4473105438 16.628687 0.133331090792558
54273.4550262384 16.492233 0.126565009722509
54167.6781015742 16.537717 0.140369728096133
54167.6866389468 16.499315 0.13846240582169
54167.6951625465 16.505249 0.138955573079069
54167.7037070833 16.555245 0.141889630846304
54181.6655240045 16.463248 0.112827595038502
54181.6792983795 16.606412 0.119056807057229
54181.6931072455 16.613586 0.11948502649088
54181.7069350928 16.550617 0.11688475929418
54187.4666017128 16.490596 0.134639185142576
54187.4765629747 16.370905 0.13076056206045
54187.4865734257 16.483962 0.132478538427105
54187.49654522 16.611773 0.139100131866831
54226.5882828701 16.598971 0.118257216445186
54226.5991843287 16.538833 0.115789702313394
54226.6101882174 16.39711 0.110250767296073
54226.6223460878 16.576409 0.118011171054705
54240.5900556482 16.682393 0.122904631577782
54240.6009696066 16.552314 0.117157834570127
54240.6118568289 16.469476 0.114045102898734
54240.6227772683 16.557442 0.117931105743052
54815.682208229 16.798646 0.14193553794969
54815.6899351503 16.692597 0.135554553098516
54815.6976349886 16.774931 0.140180680657819
54815.7053342361 16.795793 0.141059161828779
54505.6972951388 16.58174 0.130827902757463
54505.7096752433 16.49763 0.126695479718955
54505.7220409952 16.530447 0.128441577107514
54505.7341879859 16.673406 0.13594694155738
54512.6463987384 16.514475 0.0970786158192223
54512.6633282177 16.500933 0.0965260716650288
54512.6803035302 16.742579 0.104528302538164
54512.6967456018 16.79033 0.106318137794558
54487.6464614701 16.505741 0.113690688189662
54487.6576649188 16.77826 0.126329152436181
54487.6690157061 16.788302 0.126597579967001
54487.6807828355 16.735821 0.123948324871268
54650.3679689467 16.88703 0.111959889158959
54650.3800588772 16.719585 0.105673408225903
54650.3920166204 16.540679 0.0995135904983666
54650.4041379169 16.502695 0.0986647516416378
54660.4070896297 16.615519 0.103426628084524
54660.416933646 16.622342 0.114488454693798
54660.4268932869 16.834609 0.112336749863223
54660.4367749305 16.895583 0.115171483504204
54677.3736296413 16.763032 0.108640890785785
54677.3801514236 16.739355 0.107943476256254
54677.3866840741 16.714982 0.107134593971065
54677.3932010997 16.686565 0.106234626573711
54526.615875845 16.601944 0.131190482827373
54526.625702257 16.553808 0.128671331069632
54526.6353616553 16.612534 0.131650107167668
54526.6447331944 16.739007 0.138378760220121
54533.6492907872 16.549068 0.129296289423763
54533.6589395368 16.701756 0.137507742835707
54533.6686638656 17.001024 0.15640419470104
54533.6782268404 16.769898 0.141510722658963
54590.508244433 16.680467 0.104223194676159
54590.5148488539 16.772477 0.107578951094652
54590.5214133449 16.821796 0.109439246744386
54590.5279722801 16.924762 0.113679275007433
54599.4562558796 16.736822 0.115709607786059
54599.4629793981 16.789926 0.11781807206042
54599.4697195951 16.75972 0.116720485339611
54599.476448669 16.682316 0.113318406564243
54616.5205489351 16.581275 0.0993370767411259
54616.5304125114 16.588174 0.0997432134164594
54616.540238935 16.789804 0.106978081591906
54616.5501232175 16.786545 0.107125792492938
54922.6423266783 16.688582 0.127928150925285
54922.6495156136 16.632487 0.128194743626104
54922.6566931942 16.689841 0.129129325238745
54922.6638969445 16.758503 0.136029069848215
54938.6307331597 16.506145 0.090016330727714
54938.6372615279 16.453415 0.0887544510683807
54938.643833889 16.456447 0.088870760956894
54938.6503524304 16.494987 0.0899937266307936
54949.5116269211 16.723734 0.149451724514756
54949.521692581 16.593778 0.150032992440185
54949.5339280092 16.585973 0.197119663046961
54949.543746551 16.821536 0.187118558076008
54868.6219726158 16.67224 0.108972649654346
54868.6326527777 16.663675 0.108372192256013
54868.6433470603 16.696023 0.108640890785785
54868.654155463 16.698782 0.108332061948445
54885.7451693864 16.545712 0.120185035369102
54885.7535215627 16.483946 0.117488206661188
54885.7619033565 16.474741 0.117553871929263
54885.770282963 16.460082 0.1168997404253
54859.5956525692 16.48998 0.119410098213231
54859.6057496063 16.496882 0.119300391525816
54859.6159430558 16.603968 0.124166872475729
54859.6261521295 16.700302 0.128322612707258
55040.409285926 16.918761 0.152663579209792
55040.4130655785 16.948304 0.154631343429324
55040.4168481367 16.849172 0.148124719072923
55043.3928215625 16.845099 0.121458622573566
55043.3992758682 16.846092 0.121768646390537
55043.4056937038 16.914309 0.125400038886665
55043.4121147799 16.78262 0.119829365332323
55005.4114857987 16.60247 0.107370560074223
55005.4168059141 16.537195 0.105039327374804
55005.422158889 16.538015 0.105068874283576
55005.4277225346 16.484591 0.103308173247268
54897.6842976504 16.578836 0.0922620770356785
54897.6973862269 16.618077 0.0935412484237656
54897.7104430905 16.725479 0.0968560981404905
54897.7236309837 16.669221 0.0952838003357261
54907.6130130209 16.645678 0.122189638012612
54907.6214458679 16.753772 0.127401450659482
54907.6299002428 16.769671 0.128278892657172
54907.6384722108 16.769199 0.128185405480159
54917.6155207294 16.726109 0.0908687166899199
54917.6277953938 16.765287 0.0918142510556115
54917.6400718979 16.637187 0.0883466711335859
54917.652372257 16.455789 0.083947362921267
54973.4985021528 16.672042 0.100629359408547
54973.5063155325 16.573139 0.0975104951110118
54973.521143183 16.47414 0.0985858543533881
54973.5289637384 16.549717 0.0985271273447214
55294.6032361228 16.508568 0.0972140830376428
55302.6325077547 16.655245 0.0950109554539942
55217.6268456827 16.608376 0.129740263957168
55217.6570153704 16.733962 0.13574049662029
55381.4496037038 16.463563 0.105015179584458
55381.4767923844 16.739155 0.116780110794592
55362.4940292593 16.561901 0.106883502647469
55265.6472547224 16.58963 0.0928755244884448
55274.6287055557 16.767629 0.141990702736068
55326.4702219215 16.641973 0.134526414393294
55326.498935301 16.420378 0.123448799620361
55338.4533460648 16.65849 0.116392714613149
55338.4886751967 16.478655 0.10961894689222
55673.5545025462 16.703066 0.102338516838348
55673.5926924188 16.46033 0.0947780692322836
55681.5814106482 16.499257 0.0966170898491895
55681.6134841087 16.464335 0.0957505708660064
55619.6974449766 16.625325 0.244377431064682
55619.731731146 16.605602 0.0994604774349277
55591.7174030673 16.447502 0.103117475427036
55591.7477814467 16.58247 0.10806062074771
55650.7009812038 17.335972 0.626476176857461
55651.5801480672 16.635537 0.0998139714825029
55651.6226964699 16.502763 0.096496424498818
55707.4529220139 16.529336 0.0954948669335055
55707.4614211804 16.563295 0.0965431627400117
55707.4698869096 16.446398 0.0931695657009702
55707.4785067941 16.467042 0.0935966205099277
55737.4307960303 16.760418 0.102784606939983
55737.4449749304 16.499111 0.0946488337298558
55737.4591170255 16.452757 0.0935205278997068
55737.4732352661 16.443599 0.0934577415607524
55971.7260899538 16.708118 0.0984349044397895
55971.7361441551 16.644559 0.0965836981507959
55971.746167234 16.589807 0.0949727714907463
55971.7562737501 16.461348 0.0914969937002406
56004.6378376503 16.519449 0.0808746565379585
56004.6519255787 16.460059 0.0793478618778049
56004.666062118 16.509656 0.0801446700729328
56004.680277477 16.624332 0.082413245813871
56019.564207338 16.667811 0.125006065195821
56019.5737671989 16.695361 0.126396784064746
56019.5838934026 16.580534 0.120916965100816
56019.5933523264 16.363189 0.111549830614087
56042.5362585415 16.681889 0.0839934140044523
56042.5455672224 16.652332 0.0835328063125154
56042.5549638891 16.660102 0.0866423007260563
56042.5644196873 16.456834 0.0797583923827363
56075.4308798728 16.680633 0.110552490464489
56075.4391842359 16.693211 0.111137578273534
56075.4476572452 16.626518 0.108471251156698
56075.4561181134 16.537389 0.105169890058015
56104.3603065278 16.796716 0.102412441170214
56104.3715083449 16.761647 0.101291630883206
56104.382792801 16.630423 0.0973364275140268
56104.3940574651 16.44872 0.0949296987091769
56153.3837861572 16.399811 0.0943480314218741
56153.3888586923 16.28666 0.0914566276137618
56153.3939828472 16.312642 0.0923733025883732
56153.3991063079 16.350573 0.095103417243211
56290.6952685649 16.503069 0.100143439187884
56290.7037112499 16.526065 0.100480331143253
56290.7121038195 16.412044 0.0968222953627567
56290.7205746295 16.47224 0.0985858543533881
56358.6342454512 16.538549 0.115167458338763
56358.6439972223 16.555323 0.116023104733987
56358.653692743 16.657227 0.120569397426633
56358.6634065394 16.522014 0.114578798044321
56369.6866317825 16.43068 0.0794397301432417
56369.7052911921 16.525134 0.0819147758867273
56369.7241016319 16.747467 0.102492604727169
56369.7428608104 16.746741 0.101662301167818
56375.5642319559 16.462644 0.0951921370614735
56375.5732999076 16.521079 0.0968624990112175
56375.5823462037 16.675731 0.101477315294877
56375.591482685 16.740012 0.104036168689667
56387.6150559839 16.487832 0.111977711303647
56387.6221855441 16.51754 0.108252002638065
56387.629372396 16.500809 0.103986128846398
56387.636493044 16.636349 0.119798543405272
56399.527977581 16.438769 0.0849995167729989
56399.5406979745 16.598785 0.0888268282954375
56399.5537516087 16.73232 0.0924252070361645
56399.5665312618 16.591048 0.0888889548051512
56412.4963686341 16.427154 0.0932994385197081
56412.5071233334 16.428652 0.0933578805973127
56412.5194267128 16.532392 0.0993195082924581
56412.5302956482 16.613951 0.101979630648933
56419.4517675345 16.405898 0.0938994793378777
56419.460996713 16.532165 0.0976880013522842
56419.4702497339 16.59391 0.0997527059191207
56419.4791148841 16.560208 0.0984794771729937
56451.4863351275 16.371025 0.0857839205092845
56451.4990432522 16.425047 0.0873134394799176
56451.5118707175 16.508801 0.0895484773704167
56451.524656169 16.558502 0.0912710507003912
56485.388538472 16.446901 0.115326752986198
56485.4081814817 16.593427 0.117953322834828
56485.4179817361 16.561387 0.115723965878957
