53588.504204 14.7662 0.068
53588.521285 14.8119 0.068
53588.538441 14.8073 0.068
53606.505957 14.8199 0.068
53606.520296 14.7712 0.068
53606.534300 14.7056 0.067
53606.548209 14.754 0.068
53556.573839 14.7568 0.076
53556.581577 14.7578 0.076
53556.589403 14.7442 0.076
53556.597205 14.7991 0.077
53576.603339 14.8195 0.068
53576.616629 14.7361 0.068
53576.629845 14.7402 0.068
53576.643109 14.7611 0.068
53694.429584 14.7043 0.078
53694.435999 14.7209 0.078
53694.442430 14.7298 0.079
53694.448882 14.7019 0.078
53651.442378 14.7762 0.082
53651.451808 14.7943 0.083
53651.461059 14.7266 0.081
53651.470569 14.8433 0.084
53668.433858 14.7875 0.074
53668.445331 14.8261 0.075
53668.456801 14.8051 0.074
53668.468252 14.8381 0.077
53614.474922 14.8425 0.073
53614.489321 14.8979 0.071
53614.503356 14.858 0.071
53614.526547 14.7838 0.074
53622.458327 14.9044 0.084
53622.466464 14.9445 0.085
53622.474488 14.8979 0.084
53622.482311 15.0768 0.088
53637.429443 14.8317 0.071
53637.435454 14.8408 0.071
53637.441415 14.835 0.071
53637.447357 14.8928 0.072
53849.734298 14.8177 0.067
53849.745923 14.8248 0.067
53849.757630 14.8391 0.067
53849.769308 14.7185 0.066
53850.689063 14.913 0.061
53850.700750 14.8143 0.060
53850.712410 14.8397 0.061
53850.724110 14.7498 0.060
53959.584406 14.8924 0.070
53959.595433 14.7874 0.069
53959.606415 14.7758 0.069
53959.617385 14.767 0.069
53973.488080 14.8417 0.076
53973.497981 14.8308 0.076
53973.507913 14.8509 0.076
53973.517798 14.6534 0.073
53936.483451 14.7471 0.068
53936.494374 14.7779 0.069
53936.505348 14.8408 0.070
53936.516599 14.7946 0.069
53945.541816 14.88 0.070
53945.556829 14.8355 0.069
53945.570569 14.8543 0.070
53945.584348 14.8 0.069
53912.635610 14.8645 0.076
53912.645387 14.9745 0.078
53912.654832 14.9572 0.078
53912.664165 15.0393 0.079
53821.751137 14.7741 0.073
53821.756401 14.7693 0.072
53821.761517 14.7459 0.072
53821.766674 14.7783 0.072
53881.667235 14.9617 0.076
53881.679148 14.9684 0.077
53881.691695 14.9231 0.145
53881.704132 14.8193 0.076
54018.468730 14.9449 0.080
54018.478439 14.9168 0.079
54018.488170 14.8855 0.079
54018.497869 14.8824 0.079
54034.407240 14.7081 0.075
53990.544026 14.9519 0.079
53990.552548 14.9602 0.079
53990.561103 14.9177 0.078
53990.569654 14.8957 0.078
54005.485600 14.8348 0.077
54005.495703 14.961 0.079
54005.505528 14.9517 0.079
54005.515576 14.8946 0.078
54199.710329 14.9551 0.070
54199.723679 14.9045 0.069
54199.736956 15.0465 0.070
54199.750239 14.9633 0.069
54206.691421 14.9047 0.081
54206.700420 14.9105 0.081
54206.709446 14.9065 0.081
54206.718390 14.77 0.078
54319.565268 14.9161 0.077
54319.574393 14.9272 0.077
54319.583402 14.8888 0.077
54319.592351 14.8631 0.076
54333.545522 14.9342 0.071
54333.556408 14.9571 0.072
54333.567275 14.9872 0.073
54333.578161 15.0063 0.073
54291.572544 14.8763 0.078
54291.581678 14.8828 0.079
54291.591093 14.8789 0.080
54291.600716 14.9443 0.082
54169.760639 14.8672 0.081
54169.767825 14.8241 0.080
54169.775048 14.9244 0.081
54169.782237 14.8622 0.080
54236.672548 14.7251 0.086
54236.678613 14.8701 0.081
54236.684655 14.8213 0.084
54236.690739 14.8502 0.083
54417.413280 14.8716 0.071
54417.423080 14.8891 0.071
54417.432884 14.8752 0.071
54417.442678 14.9133 0.072
54431.431486 14.8261 0.079
54431.435500 14.8339 0.080
54431.439492 14.7816 0.079
54431.443522 14.6579 0.082
54378.429831 14.9648 0.080
54378.439689 14.967 0.080
54378.449592 14.9884 0.080
54378.459456 15.0063 0.081
54388.493392 14.9356 0.080
54388.500220 14.937 0.080
54388.507057 14.9172 0.080
54388.513901 14.9101 0.080
54344.561814 14.9289 0.071
54344.572693 14.8976 0.070
54344.583582 14.8538 0.070
54344.594455 14.8989 0.071
54363.387668 14.8559 0.078
54363.396962 14.8332 0.077
54363.406202 14.7859 0.076
54363.415306 14.8145 0.077
54704.470231 14.8555 0.067
54704.482014 14.8819 0.067
54704.494148 14.9105 0.067
54704.506041 14.9554 0.068
54677.575869 14.9075 0.067
54677.584222 14.881 0.067
54677.592434 14.8726 0.067
54677.600669 14.8577 0.066
54644.718495 14.9436 0.067
54644.729601 14.945 0.067
54644.740607 14.9494 0.067
54644.751763 14.902 0.067
54589.720906 14.8065 0.066
54589.735301 14.8063 0.066
54589.749811 14.7996 0.066
54589.765042 14.8251 0.066
54599.660905 14.9354 0.063
54599.674208 14.9578 0.064
54599.687442 14.9446 0.063
54599.700930 14.9108 0.063
54740.412294 14.8476 0.071
54740.424025 14.8973 0.072
54740.435799 14.937 0.070
54740.447658 14.9355 0.068
54757.397983 14.9098 0.076
54757.406904 14.9243 0.076
54757.415847 14.9442 0.077
54757.424780 14.9514 0.077
54729.458627 14.8625 0.074
54729.466557 14.8347 0.074
54729.474503 14.893 0.075
54729.482487 14.8981 0.075
54925.755023 14.8217 0.065
54925.764810 14.7721 0.071
54925.774673 14.7876 0.064
54925.784506 14.817 0.064
54944.708674 14.9333 0.065
54944.721725 14.9401 0.065
54944.734797 14.9238 0.065
54944.747910 14.8964 0.064
55057.506120 14.8466 0.067
55057.514640 14.8456 0.067
55057.523012 14.8822 0.068
55057.531215 14.8602 0.067
55035.656537 14.8742 0.076
55035.664035 14.7763 0.074
55035.671542 14.8676 0.076
55035.679051 14.8439 0.076
54986.562321 14.7487 0.069
54986.569912 14.7844 0.069
54986.577476 14.7974 0.069
54986.585000 14.7175 0.091
55004.667298 14.8835 0.083
55004.683552 14.9134 0.086
55004.699914 14.9401 0.091
55004.716022 14.8742 0.095
54954.647793 14.8082 0.068
54954.658681 14.797 0.067
54954.669464 14.8163 0.067
54954.680300 14.8029 0.067
55115.419360 14.9723 0.074
55115.425167 14.9253 0.076
55115.430984 14.9261 0.084
55115.436812 14.9477 0.084
55127.428923 14.9552 0.080
55127.435952 14.9658 0.075
55127.443008 14.9882 0.076
55127.450150 14.9775 0.076
55083.494222 15.0208 0.061
55083.510972 15.0189 0.061
55083.527728 14.9331 0.061
55083.544475 14.926 0.062
55413.550370 14.9066 0.070
55413.586836 14.9803 0.074
55381.625783 15.0217 0.068
55381.656380 14.9852 0.067
55393.573136 14.9919 0.067
55393.605868 14.9598 0.066
55397.492325 14.8991 0.069
55397.530918 14.8856 0.069
55398.588181 14.9075 0.070
55398.589994 14.8889 0.070
55400.651778 14.9737 0.067
55400.653957 14.9321 0.066
55362.603512 14.6854 0.076
55362.638328 14.8082 0.065
55330.616040 14.9677 0.072
55330.655428 14.923 0.071
55487.436865 14.9398 0.070
55487.466897 14.9119 0.070
55445.482345 14.9119 0.070
55445.504097 14.8935 0.070
55654.776097 14.8307 0.072
55654.803835 14.8289 0.071
55715.604740 14.9743 0.068
55715.619596 14.974 0.068
55715.634709 14.946 0.067
55715.649982 14.9096 0.066
55684.651688 14.8094 0.066
55684.696875 14.8379 0.066
53588.566615 14.8084 0.068
53588.583758 14.7981 0.068
53588.600628 14.7968 0.068
53588.617577 14.7489 0.067
54034.415579 14.8257 0.077
54034.424045 14.8412 0.078
54034.432569 14.8686 0.078
54034.441082 14.8806 0.080
55738.530577 14.873 0.064
55738.535522 14.9265 0.064
55738.540478 14.9936 0.065
55738.545555 14.921 0.064
55795.482536 14.9905 0.069
55795.494510 14.9756 0.068
55795.506365 14.8864 0.082
55795.518261 14.9031 0.070
55830.423820 14.8388 0.068
55830.436924 14.8824 0.069
55830.449956 14.9148 0.069
55830.463135 14.9349 0.070
55861.394624 14.8568 0.065
55861.401627 14.8118 0.065
55861.408690 14.845 0.065
55861.415784 14.8549 0.065
56059.769126 14.8481 0.061
56059.784154 14.827 0.061
56059.799263 14.7668 0.060
56059.814344 14.7394 0.060
56097.682992 14.4904 0.167
56097.693684 14.678 0.128
56097.704376 14.9381 0.100
56097.715097 14.8427 0.086
56129.565186 14.9152 0.064
56129.576864 14.9553 0.065
56129.588557 15.0097 0.065
56129.600140 14.9467 0.065
56154.525835 14.8206 0.065
56154.534695 14.8497 0.065
56154.543656 14.8701 0.066
56154.552739 14.8128 0.067
56183.485808 14.7764 0.062
56183.496323 14.7683 0.066
56183.506922 14.7836 0.062
56183.517541 14.7535 0.062
56219.405198 14.8394 0.064
56219.415003 14.818 0.064
56219.424850 14.8149 0.064
56219.434726 14.8084 0.064
56388.740286 14.8806 0.066
56388.749209 14.8981 0.066
56388.758152 14.8966 0.066
56388.767130 14.8895 0.066
56421.643898 14.8172 0.066
56421.652813 14.7974 0.065
56421.661969 14.7857 0.065
56421.671093 14.7924 0.065
56451.757083 14.7659 0.063
56451.769979 14.8014 0.063
56451.782929 14.771 0.064
56451.795975 14.8015 0.065
56486.581759 14.803 0.071
56486.590609 14.8064 0.071
56486.599812 14.7828 0.079
56486.608751 14.7991 0.076
