53588.635371 15.2366 0.074
53588.646228 15.2479 0.074
53588.656922 15.2592 0.074
53588.667722 15.2802 0.074
53597.507588 15.4147 0.089
53597.516348 15.4742 0.091
53597.525112 15.4195 0.089
53597.533871 15.547 0.093
53606.632635 15.4952 0.086
53606.649116 15.481 0.086
53606.665581 15.5908 0.088
53606.682031 15.4028 0.084
53556.636665 15.3491 0.093
53556.644680 15.3932 0.090
53556.652911 15.4513 0.091
53556.661235 15.3756 0.091
53576.744544 15.3583 0.081
53576.756222 15.4095 0.084
53576.767867 15.4678 0.089
53576.779475 15.1774 0.086
53691.494722 15.3839 0.091
53691.499819 15.3995 0.092
53691.504889 15.317 0.089
53691.509968 15.4278 0.092
53651.533161 15.3956 0.099
53651.541355 15.4239 0.100
53651.549496 15.4611 0.101
53651.557660 15.4936 0.102
53665.497623 15.3805 0.079
53665.509543 15.4088 0.080
53665.521452 15.3289 0.079
53665.533363 15.271 0.078
53619.481673 15.4863 0.087
53619.493942 15.4915 0.087
53619.506412 15.4393 0.086
53619.518763 15.3931 0.085
53636.622694 15.4988 0.080
53636.636044 15.4341 0.079
53636.649395 15.4078 0.079
53636.662757 15.3863 0.079
53960.629795 15.4998 0.074
53960.643248 15.471 0.074
53960.656732 15.4527 0.073
53960.670136 15.3981 0.073
53972.590278 15.3729 0.087
53972.601916 15.4114 0.088
53972.613546 15.3975 0.087
53972.625193 15.4788 0.089
54085.442246 15.3739 0.093
54085.446889 15.4433 0.095
54085.451544 15.4538 0.096
54085.456209 15.3962 0.095
53942.518221 15.2886 0.086
53942.528489 15.2593 0.085
53942.538621 15.2541 0.085
53942.548855 15.2262 0.084
53904.627384 15.2203 0.070
53904.637415 15.2336 0.070
53904.647446 15.2239 0.070
53904.657481 15.2884 0.071
53912.675717 15.2786 0.084
53912.685230 15.3066 0.084
53912.694558 15.304 0.084
53912.703607 15.3203 0.085
53858.782006 15.4374 0.088
53858.787959 15.4914 0.087
53858.793919 15.3849 0.083
53858.799943 15.409 0.096
53883.739511 15.2175 0.068
53883.756456 15.2057 0.068
53883.773807 15.2031 0.068
53883.790711 15.1988 0.067
54055.406765 15.2122 0.085
54055.410868 15.2357 0.085
54055.415133 15.2107 0.084
54055.419195 15.1874 0.084
54016.462522 15.3723 0.088
54016.471035 15.3684 0.088
54016.479548 15.4538 0.090
54016.488137 15.4616 0.090
54021.472853 15.3035 0.086
54021.482280 15.3448 0.087
54021.491683 15.3518 0.087
54021.501072 15.3074 0.086
53990.576962 15.5168 0.091
53990.585495 15.5145 0.091
53990.594045 15.5175 0.091
53990.602636 15.4527 0.090
54003.597300 15.2991 0.072
54003.607247 15.3296 0.072
54003.617233 15.3786 0.073
54003.627216 15.4188 0.074
54008.398378 15.2929 0.085
54008.409915 15.301 0.085
54008.421740 15.3172 0.086
54008.433220 15.3757 0.087
54207.750366 15.2592 0.090
54207.758954 15.2766 0.090
54207.767528 15.2745 0.090
54207.776192 15.217 0.088
54319.604159 15.2742 0.084
54319.614755 15.3143 0.085
54319.625335 15.3533 0.086
54319.635789 15.3647 0.086
54292.706144 15.445 0.079
54292.717139 15.3802 0.078
54292.728115 15.3736 0.078
54292.739153 15.3014 0.076
54261.707687 15.381 0.076
54261.720074 15.3363 0.075
54261.732446 15.2905 0.075
54261.745088 15.3045 0.078
54243.776350 15.4591 0.083
54243.787793 15.4085 0.082
54243.799349 15.4289 0.082
54243.810925 15.3987 0.081
54244.662680 15.1937 0.072
54244.679284 15.2256 0.073
54244.695901 15.2346 0.073
54244.712514 15.2511 0.073
54417.455390 15.3186 0.078
54417.465712 15.3431 0.078
54417.476017 15.3419 0.079
54417.486337 15.4012 0.080
54378.485082 15.4376 0.090
54378.494094 15.4885 0.092
54378.503127 15.4458 0.091
54378.512155 15.4573 0.096
54391.422779 15.3044 0.088
54391.432474 15.3068 0.088
54391.442191 15.2857 0.087
54391.451860 15.3098 0.088
54345.550322 15.39 0.079
54345.561489 15.4044 0.079
54345.572515 15.427 0.079
54345.583518 15.4694 0.080
54356.470396 15.2344 0.077
54363.535753 15.4891 0.091
54363.544767 15.4932 0.092
54363.553828 15.4435 0.090
54363.562824 15.4594 0.091
54686.642011 15.2696 0.072
54686.655174 15.2674 0.072
54686.668286 15.2944 0.073
54686.681408 15.2984 0.073
54687.547066 15.4049 0.070
54687.552519 15.379 0.075
54687.558074 15.6021 0.112
54706.568338 15.4152 0.074
54706.572709 15.3856 0.074
54706.577028 15.3456 0.073
54706.581346 15.3747 0.074
54661.573354 15.4296 0.074
54661.583305 15.457 0.075
54661.593270 15.483 0.075
54661.603356 15.4999 0.075
54624.691103 15.4208 0.069
54624.706429 15.4349 0.069
54624.721917 15.4277 0.069
54624.738623 15.4666 0.069
54645.596953 15.4428 0.082
54645.607934 15.446 0.082
54645.619095 15.4155 0.082
54645.630494 15.379 0.081
54595.720130 15.275 0.080
54595.731356 15.2873 0.079
54595.742728 15.2495 0.079
54595.753942 15.2504 0.084
54793.417888 15.4062 0.083
54793.424267 15.4414 0.084
54793.431354 15.4548 0.084
54793.437743 15.4476 0.085
54746.418489 15.3738 0.074
54746.427217 15.3872 0.074
54746.435616 15.3502 0.076
54746.444130 15.3226 0.072
54763.487680 15.4041 0.077
54763.497509 15.3871 0.077
54763.507333 15.3639 0.077
54763.517159 15.38 0.077
54717.486234 15.4149 0.074
54717.496461 15.4214 0.074
54717.509238 15.4148 0.074
54717.519435 15.4466 0.074
54726.486330 15.2653 0.073
54726.497632 15.2526 0.073
54726.508995 15.2785 0.073
54726.520376 15.3021 0.074
54944.770911 15.4143 0.075
54944.781742 15.3922 0.075
54944.792589 15.3705 0.077
54944.803563 15.3412 0.076
55044.601251 15.2193 0.072
55044.611286 15.2666 0.073
55044.621240 15.2685 0.070
55044.631197 15.2547 0.070
55060.532720 15.4783 0.071
55060.544037 15.4429 0.071
55060.554809 15.3982 0.070
55060.565424 15.359 0.069
55004.740096 15.245 0.112
55004.754137 15.3346 0.114
55004.768060 15.315 0.110
55004.781857 15.2884 0.105
54953.720108 15.164 0.067
54953.733324 15.2149 0.068
54953.746533 15.2161 0.068
54953.759961 15.2393 0.068
55148.435532 15.3856 0.070
55148.445209 15.4024 0.070
55148.454891 15.4276 0.071
55148.464572 15.4479 0.071
55118.428555 15.0542 0.099
55118.437144 15.2149 0.071
55118.445680 15.2631 0.071
55118.454172 15.2633 0.072
55127.494792 15.2234 0.081
55127.503525 15.2159 0.081
55127.512332 15.2138 0.080
55127.521076 15.2628 0.081
55083.618269 15.2442 0.074
55083.627898 15.2316 0.074
55083.637488 15.2147 0.074
55083.647135 15.1916 0.074
55094.504053 15.3983 0.085
55094.513205 15.3449 0.088
55094.522349 15.3511 0.084
55094.531523 15.3531 0.084
55415.532766 15.4351 0.078
55415.554626 15.4798 0.078
55380.755492 15.4068 0.070
55380.812238 15.4807 0.071
55330.725450 15.2511 0.076
55330.761585 15.2971 0.077
55506.502673 15.4595 0.080
55506.523838 15.3707 0.083
55488.445268 15.2931 0.070
55488.481263 15.2884 0.071
55446.542828 15.4262 0.078
55446.564680 15.4696 0.079
55717.697347 15.4736 0.073
55717.708553 15.4433 0.072
55717.719909 15.3728 0.071
55717.731219 15.3328 0.071
55691.796944 15.427 0.086
55691.800422 15.4245 0.086
55691.807622 15.4145 0.086
54356.473803 15.2474 0.077
54356.485162 15.2708 0.077
54356.496523 15.2875 0.078
54356.507811 15.3345 0.079
55741.775164 15.371 0.072
55741.791492 15.331 0.072
55741.807980 15.305 0.072
55741.824449 15.2972 0.072
55765.605869 15.3472 0.071
55765.614364 15.3399 0.071
55765.622981 15.3269 0.071
55765.631431 15.3199 0.071
55796.615865 15.3143 0.073
55796.628953 15.3144 0.073
55796.642143 15.2591 0.072
55796.655334 15.2508 0.073
55824.513851 15.3137 0.074
55824.526287 15.2927 0.074
55824.538702 15.3874 0.075
55824.551132 15.3805 0.075
56037.746334 15.3887 0.075
56037.755552 15.4022 0.075
56037.764599 15.2601 0.073
56037.773636 15.2998 0.073
56077.664987 15.1764 0.070
56077.675648 15.1343 0.069
56077.686400 15.1928 0.070
56077.697093 15.1759 0.070
56131.685619 15.3079 0.091
56131.697025 15.3134 0.089
56131.708456 15.3642 0.098
56131.719887 15.1689 0.102
56154.619372 15.1531 0.066
56154.647640 15.1427 0.065
56154.661786 15.1758 0.066
56219.458544 15.3517 0.070
56219.472625 15.4027 0.070
56219.486783 15.4201 0.071
56219.500905 15.4391 0.072
56249.416452 15.4195 0.069
56249.432796 15.4574 0.069
56249.449124 15.4262 0.069
56249.465313 15.4469 0.070
56400.719948 15.3105 0.068
56400.730678 15.3389 0.068
56400.741432 15.3534 0.068
56400.752154 15.3723 0.068
56479.543263 15.2721 0.071
56479.552301 15.2983 0.071
56479.561227 15.353 0.071
56479.570144 15.3078 0.071
