53972.4848682984 17.185873 0.169939869869932
53972.4921582753 17.140691 0.167185130128011
53972.4994531136 17.067819 0.175734368663027
53972.5073257523 17.02252 0.177522866193309
53973.4363184489 16.893064 0.149948651130505
53973.4443366897 16.966424 0.155066282097015
53973.4522590974 16.957999 0.154021000212024
53973.459856956 16.952608 0.153786641570338
53942.4752397916 17.073457 0.166238360341607
53942.4816548495 17.229002 0.178667108875315
53942.4882338077 17.209971 0.176353425668213
53942.4947394907 17.275876 0.181161447891358
53912.586700984 17.064329 0.159563594070803
53912.5962804166 17.003595 0.155320421482263
53912.6058350924 16.821395 0.143044667225423
53912.6154084724 16.86312 0.14569522693314
53806.7480841201 16.889729 0.142337274781316
53806.7561184724 16.992505 0.154971360206335
53865.6693817709 17.126982 0.154731810303753
53865.6784221643 17.166556 0.157135154461977
53865.6873845488 17.135655 0.154719242124722
53865.6964039813 17.168268 0.156751711396545
53881.66502147 17.003509 0.147766281926826
53881.676797338 17.065105 0.157414908456965
53881.6892951505 16.874569 0.250964520784153
53881.7017370604 17.278565 0.182586132991472
54017.460393889 17.069922 0.166774765905397
54017.4685036807 16.964352 0.159291085628312
54017.476661516 16.905164 0.156039959859237
54017.4848173844 16.736505 0.145558880355278
53989.4441662847 17.003693 0.164687623371792
53990.472822662 17.019036 0.131972793553639
53994.4251050345 17.210436 0.176581268240101
53994.4336391549 17.273751 0.181497816147308
53994.4421754746 17.082049 0.173844875378786
53994.4507120253 17.020818 0.199402729077856
54005.4471731947 16.974115 0.157294797436211
54005.456019595 17.007932 0.160205860348237
54005.4649187733 16.970208 0.158000026651032
54005.4736693401 16.895103 0.15263363172996
54319.5239635419 16.855981 0.147479678728415
54319.534565787 16.875522 0.148535151251599
54319.5451962847 16.842594 0.146342913864155
54319.5557303589 16.854748 0.147574990326718
54295.5483504512 16.803279 0.374816759021076
54295.5558211111 16.95241 0.261212742718427
54295.5631503241 16.862292 0.27957203493555
54274.6657376622 17.074583 0.163942326661356
54274.6756741434 17.06878 0.164119817126126
54274.6855457059 17.134974 0.169887596169769
54274.6954798728 17.125704 0.16989630289446
54177.738224595 16.968501 0.177502654876346
54177.7439825695 16.883364 0.170228376912969
54177.7497719099 16.926553 0.173563117212009
54236.645000463 16.591808 0.280498049885473
54236.6518928587 16.92018 0.168887620674206
54236.6587828125 16.924411 0.17436548141937
54236.6656843519 16.957308 0.171841062826722
54378.4277491897 16.872703 0.155556820205804
54378.4375855673 16.843828 0.153663802578014
54378.4475064237 16.938142 0.159880068213115
54378.4573681365 16.936685 0.160412454012744
54362.4062484141 16.692638 0.143329389117206
54362.4145709492 16.557623 0.135728844897805
54362.4228418634 16.804038 0.150874451216942
54362.4310746991 16.970108 0.162344498115091
54697.5098834724 17.051807 0.144622284842262
54697.5187459608 16.929636 0.137377439361831
54697.527653021 16.805308 0.130784118425156
54697.5365234955 16.933577 0.137946849019619
54644.6718011228 17.190697 0.125345892737791
54644.6833374421 17.266978 0.129212701684903
54644.6948249191 17.299803 0.131357832622843
54644.706514942 17.211187 0.127042017270945
54594.6284409954 16.906408 0.132102031995704
54594.6357783104 17.039873 0.139193973901954
54594.6430863539 16.978027 0.135597082851982
54594.650510023 17.074583 0.140929208400974
54757.3895980326 17.198964 0.167640569855349
54757.3985107524 17.209856 0.168471224843692
54757.4074198959 17.242296 0.168008011434765
54757.4163627081 17.079618 0.159486560616772
54729.4020394908 17.006252 0.150972196255084
54729.4099114353 16.969346 0.148692857871775
54729.417602847 16.949033 0.147016934049162
54729.425234236 16.974445 0.148405093281382
55032.5933383565 17.170731 0.161870446651336
55032.6010606365 17.052301 0.153897492452426
55032.6087774883 16.966617 0.14847549195149
55032.6164106481 17.282178 0.170881449929318
55032.6242095485 17.216651 0.166230280562579
54954.6033514701 17.146669 0.135504363393565
54954.6138038309 16.904002 0.119964919008944
54954.6242556251 16.984697 0.123371227490033
54954.6347648148 16.965145 0.122074235337907
55123.4374227314 16.964511 0.120574263180095
55123.4480094793 16.972434 0.121266173029247
55123.4586377777 16.922584 0.119225939361422
55123.4692584374 17.042477 0.125568772479276
55083.5145679051 17.202973 0.0998924037884298
55083.5313167013 17.015984 0.0942871696587158
55421.4723520253 16.913818 0.149307676776916
55397.4802705324 16.866023 0.120245137286958
55397.5186604168 16.983125 0.125911873340273
55275.7456206828 17.005391 0.136712909607787
55330.6048487616 17.013952 0.134899936983238
55330.6439870601 17.172723 0.142626154921441
55487.4280535183 17.200223 0.141117558243949
55487.458103044 17.256616 0.145700290852146
53972.5151512848 17.011485 0.158937186494266
53990.4761328587 16.919404 0.153352136236239
53990.4846233448 16.917813 0.153079009328656
53990.4931361691 16.943171 0.155066282097015
53990.5016398497 16.901095 0.15228776927471
55660.7131831019 16.799055 0.159040988033152
55769.5867208795 16.983505 0.105314774132654
55769.599343588 17.111321 0.110179219275656
55769.6121680325 17.096076 0.109790132823189
55805.532477905 17.249281 0.133809466694927
55805.545984433 17.277372 0.135481222443993
55805.5595505787 17.175983 0.130249831513089
55805.5732531943 17.07488 0.125534381917853
55849.426724317 17.14664 0.125726884584883
55849.4368184493 17.18896 0.12766679203577
55849.4468791317 17.002363 0.11923988702489
55849.4570090394 16.962421 0.11831343386532
56065.5954621992 17.375574 0.127024001399754
56065.6071754977 17.233719 0.121436066451051
56065.618636933 17.308498 0.124603094935461
56065.6300745256 17.180675 0.124323534848475
56102.5951939238 17.100675 0.11283680619677
56102.607959919 17.201251 0.117361685427379
56102.6207483796 17.14538 0.11472081136931
56102.6337596414 17.334878 0.123831491255653
56150.4701209953 17.198123 0.123320510604317
56150.4803574998 17.097947 0.118630314756217
56150.4906696989 16.988638 0.11382041360164
56150.5010810997 16.993487 0.114265865600961
56182.4520439003 16.993177 0.116675848583523
56182.4617080442 17.013549 0.117659251220064
56182.4712431366 17.132894 0.123577628574619
56182.4806717476 17.183679 0.126491116514649
56213.4234320604 16.958835 0.103559541146062
56213.4339332873 16.891997 0.101489902228126
56213.4445707294 17.018584 0.105952337954757
56213.4551978818 16.987342 0.105122694329063
56243.4146353936 17.004062 0.111054885672386
56243.4226982061 17.147571 0.117791536270964
56243.4304240857 17.133434 0.117442329764961
56243.4381822453 17.052274 0.114400369536961
56383.7328148149 16.937909 0.113656458671133
56383.7406042363 17.072838 0.119281764768303
56383.748463565 17.008665 0.116325526405859
56383.7563055325 16.895662 0.111423887690577
