53588.504860 15.9031 0.088
53588.522010 15.7349 0.084
53588.539127 15.6274 0.081
53606.506628 15.9228 0.088
53606.520951 15.9696 0.090
53606.534960 16.2398 0.097
53606.548866 16.1492 0.095
53556.574258 15.7437 0.100
53556.582004 15.865 0.104
53556.589832 16.0479 0.111
53556.597631 16.125 0.114
53576.602680 15.7498 0.084
53576.615975 15.8684 0.087
53576.629190 15.7169 0.084
53576.642454 15.7785 0.086
53651.443714 15.8945 0.117
53651.453134 15.8806 0.117
53651.462348 15.6723 0.109
53651.471849 15.7542 0.112
53668.434396 15.7329 0.094
53668.445870 15.6825 0.093
53668.457339 15.6428 0.099
53668.468790 15.6321 0.096
53614.475634 16.2947 0.107
53614.489992 16.1862 0.106
53614.504017 15.8771 0.097
53614.527202 15.7083 0.094
53622.460553 15.7869 0.111
53622.468712 15.7354 0.109
53622.476627 15.6668 0.106
53622.484656 15.5775 0.103
53637.426100 15.5542 0.084
53637.432121 15.6137 0.086
53637.438122 15.5942 0.085
53637.444084 15.6437 0.087
53849.734852 15.9156 0.085
53849.746464 15.9661 0.086
53849.758182 15.9652 0.086
53849.769858 15.9314 0.085
53850.688174 15.8155 0.070
53850.699863 15.9503 0.072
53850.711524 16.0016 0.073
53850.723218 15.9258 0.072
53959.586583 16.1645 0.097
53959.597616 16.1225 0.096
53959.608599 16.3678 0.104
53959.619546 16.0942 0.095
53973.490219 15.9163 0.103
53973.500111 15.8677 0.101
53973.510055 15.8407 0.100
53973.519938 15.8621 0.101
53936.483993 16.0301 0.093
53936.494915 16.2705 0.101
53936.505885 16.3523 0.103
53936.517138 16.0941 0.095
53945.542413 15.9993 0.092
53945.557438 15.8485 0.088
53945.571135 15.8453 0.088
53945.584889 15.8086 0.087
53912.639576 15.87 0.100
53912.649156 15.8982 0.101
53912.658654 16.0073 0.105
53912.667732 16.2499 0.114
53821.750709 15.8369 0.096
53821.755961 15.9131 0.098
53821.761094 15.7805 0.094
53821.766250 15.7601 0.093
53881.667668 15.9407 0.100
53881.679571 15.745 0.096
53881.692124 15.6256 0.234
53881.704560 15.6602 0.106
54015.423898 15.9784 0.109
54015.432517 16.1269 0.115
54015.441121 16.3348 0.124
54015.449708 16.369 0.126
54022.418744 16.1418 0.115
54022.426015 16.2234 0.118
54022.433364 16.4218 0.128
54022.440672 16.2801 0.121
54034.481425 16.0161 0.114
54034.487889 15.9821 0.111
54034.494334 15.9066 0.110
54034.500802 15.8373 0.107
53991.466631 15.7241 0.105
53991.473498 15.7377 0.101
53991.480362 15.8196 0.124
53991.487253 15.9689 0.256
54005.486553 15.8859 0.103
54005.496553 15.8404 0.101
54005.506575 15.8433 0.102
54005.516421 15.8154 0.101
54199.710989 16.0608 0.091
54199.724334 15.8418 0.085
54199.737610 15.8492 0.085
54199.750904 15.82 0.084
54206.691843 16.0337 0.116
54206.700844 15.9048 0.110
54206.709889 15.8371 0.107
54206.718817 15.9575 0.111
54319.565693 15.9009 0.102
54319.574820 15.8569 0.101
54319.583832 15.8171 0.099
54319.592773 15.8175 0.099
54291.572965 15.6387 0.096
54291.582100 15.6567 0.098
54291.591582 15.6432 0.100
54291.601151 15.7069 0.102
54260.641869 15.8941 0.096
54260.651053 15.9366 0.098
54260.660380 15.9487 0.098
54169.761062 15.9451 0.112
54169.768273 15.7856 0.106
54169.775471 15.7968 0.106
54169.782675 15.7553 0.104
54236.674682 15.8465 0.110
54236.680760 15.7276 0.105
54236.686792 15.8755 0.209
54236.692852 15.7199 0.108
54417.413821 15.9271 0.092
54417.423618 15.8977 0.092
54417.433422 15.8146 0.090
54417.443216 15.6734 0.087
54431.432388 15.6927 0.101
54431.436404 15.7153 0.107
54431.440395 15.6783 0.101
54431.444429 15.6175 0.201
54378.424787 15.9772 0.108
54378.434612 15.7905 0.101
54378.444537 15.7076 0.099
54378.454378 15.8192 0.102
54388.494672 16.178 0.117
54388.501491 16.379 0.126
54388.508324 16.2847 0.122
54388.515167 16.1177 0.115
54344.561274 15.8907 0.089
54344.572155 16.006 0.093
54344.583037 15.9814 0.092
54344.593913 15.876 0.089
54363.389040 15.817 0.102
54363.398306 15.7972 0.101
54363.407573 15.8642 0.104
54363.416644 15.8244 0.102
54704.470839 15.9522 0.084
54704.482622 16.0091 0.086
54704.494757 16.215 0.091
54704.506593 16.2862 0.093
54677.576412 16.0119 0.086
54677.584768 15.912 0.084
54677.592979 15.8557 0.082
54677.601208 15.851 0.082
54644.719042 15.9122 0.083
54644.730139 15.8511 0.082
54644.741147 15.8345 0.081
54644.752302 15.8504 0.082
54589.720356 16.183 0.090
54589.734764 15.9476 0.084
54589.749250 15.8517 0.082
54589.764488 15.7867 0.080
54599.660238 15.8172 0.075
54599.673546 15.8619 0.075
54599.686788 16.0455 0.078
54599.700260 16.0189 0.078
54745.423915 16.3037 0.099
54745.428865 16.2657 0.099
54745.433787 16.2806 0.099
54745.438699 16.1841 0.096
54760.448260 15.8679 0.086
54760.461902 15.899 0.087
54760.475541 15.9843 0.090
54760.489173 15.8302 0.086
54732.433002 16.2482 0.091
54732.444182 16.0968 0.087
54732.455325 15.9772 0.085
54732.466483 15.9295 0.083
54926.773451 16.1454 0.103
54926.779750 16.0601 0.099
54926.786061 16.04 0.099
54926.792463 16.065 0.099
54944.709321 16.3742 0.089
54944.722373 16.2125 0.085
54944.735452 16.057 0.081
54944.748565 15.8386 0.077
55057.506673 15.8316 0.083
55057.515272 15.8484 0.083
55057.523571 15.8944 0.084
55031.497315 15.8753 0.099
55031.505391 15.8351 0.098
55031.513502 15.7641 0.096
55031.521784 15.7749 0.096
54986.562855 16.0835 0.096
54986.570447 16.2266 0.100
54986.578011 16.2954 0.102
54986.585534 16.4999 0.196
55004.666637 15.874 0.114
55004.682863 15.836 0.115
55004.699252 15.9139 0.127
55004.715371 15.7407 0.130
54915.754305 14.9791 0.070
54915.764065 15.8601 0.086
54915.773872 15.4973 0.078
54915.783671 15.8351 0.085
54954.648332 15.8574 0.085
54954.659219 15.768 0.083
54954.670002 15.8774 0.085
54954.680833 15.9189 0.086
55145.410986 16.2759 0.094
55145.417324 16.3642 0.099
55145.423677 16.4307 0.104
55145.430031 16.3333 0.104
55115.420001 15.7791 0.089
55115.425809 15.6576 0.094
55115.431626 15.8882 0.125
55115.437455 15.9646 0.139
55123.491780 15.9508 0.099
55123.499624 16.1312 0.106
55123.507492 16.0733 0.104
55123.515359 16.1905 0.109
55083.493350 15.8331 0.070
55083.510095 15.849 0.070
55083.526851 15.8715 0.071
55083.543601 16.0387 0.075
55413.549772 16.0673 0.093
55413.586232 15.7313 0.090
55381.626514 15.8511 0.081
55381.657118 16.069 0.085
55393.573858 16.1651 0.086
55393.606593 15.8479 0.079
55362.602803 15.8124 0.085
55362.637605 16.0387 0.082
55330.616639 15.9538 0.093
55330.656035 15.8993 0.091
55487.436270 16.2819 0.099
55487.466296 15.9118 0.088
55445.482943 15.814 0.087
55445.504705 15.8849 0.088
55654.775541 15.7257 0.089
55654.803227 15.9982 0.096
55715.606155 16.0097 0.085
55715.621016 15.8397 0.081
55715.636145 15.7205 0.078
55715.651404 15.6915 0.078
55684.652397 16.0154 0.086
55684.697596 15.8937 0.083
53588.567277 15.6356 0.081
53588.584527 15.7557 0.084
53588.601286 15.9339 0.088
53588.618234 15.9459 0.089
54623.698331 15.8155 0.071
54623.709175 15.7395 0.073
54623.720023 15.7447 0.088
54623.730876 14.9282 0.252
55738.531401 15.7273 0.074
55738.536347 15.7489 0.074
55738.541308 15.873 0.076
55738.546386 15.9397 0.078
55765.565088 15.8826 0.076
55765.573414 15.871 0.076
55765.581703 15.8573 0.076
55765.589926 15.8706 0.076
55795.483705 16.1619 0.091
55795.495696 16.0818 0.089
55795.507564 15.9352 0.086
55795.519452 15.8484 0.087
55830.423247 15.8392 0.085
55830.436292 15.7624 0.083
55830.449395 15.7911 0.083
55830.462544 15.7341 0.083
55861.395993 16.029 0.082
55861.403037 16.0337 0.083
55861.410100 16.0623 0.085
55861.417196 16.1525 0.086
56059.770062 16.0456 0.074
56059.785109 15.8924 0.072
56059.800217 15.7882 0.070
56059.815275 15.7563 0.070
56097.684405 15.9268 0.333
56097.695120 15.8771 0.209
56097.705805 15.6859 0.126
56097.716527 15.7707 0.111
56129.566658 15.918 0.078
56129.578325 15.863 0.077
56129.589985 15.7319 0.075
56129.601562 15.7075 0.075
56154.526981 15.9617 0.082
56154.535902 15.9503 0.082
56154.544862 16.1467 0.086
56154.553950 16.1438 0.086
56183.486501 15.8716 0.075
56183.497027 15.8475 0.080
56183.507628 15.7225 0.073
56183.518244 15.7109 0.072
56219.406597 15.7982 0.076
56219.416413 15.8345 0.077
56219.426260 16.0048 0.080
56219.436139 16.0191 0.081
56388.740890 16.3608 0.093
56388.749842 16.2573 0.090
56388.758758 16.2053 0.088
56388.767721 16.0334 0.084
56429.743039 15.7563 0.078
56429.753228 15.8687 0.080
56429.764239 15.8434 0.080
56429.774605 16.0794 0.085
56459.668388 15.7905 0.128
56459.682672 15.7684 0.143
56459.697015 15.6476 0.142
56459.711540 16.1252 0.178
