53588.498612014 11.939598 0.0521102459162656
53588.5157185303 11.906028 0.0520451076416155
53588.532941134 11.867865 0.0519582272173979
53606.4305411456 11.826825 0.0511949902486873
53606.4507001853 11.87524 0.0512692918236193
53606.4707653821 11.921303 0.0513316191948557
53555.5377666784 11.763605 0.0530354476507628
53555.5456044443 11.76833 0.0530418189118081
53555.5534558563 11.775353 0.0530678942787206
53555.5613175348 11.781724 0.0530786425131012
53576.5695155556 11.947721 0.0529076830192376
53576.5777318403 11.947127 0.052913032279418
53576.5859451043 11.925066 0.0528580363155155
53576.5941450694 11.917099 0.0528428789002766
53664.4524816433 11.791491 0.0529293138006264
53664.4590691435 11.813461 0.0529783304698471
53664.4656474884 11.821299 0.0530108256681567
53664.4722485533 11.841301 0.0530674574997482
53618.4433829165 11.922743 0.0530061220289804
53618.4593173494 11.868274 0.0528828628093253
53618.4753166204 11.817622 0.0527339486675969
53618.4910299536 11.78114 0.0527406157536323
53636.4839583798 11.794968 0.0530313935779522
53636.4948798497 11.789161 0.0530457168990895
53636.5057955901 11.710418 0.0528551265046606
53636.5166910184 11.736602 0.0529453331554336
53835.7081332174 11.970814 0.0521084452718968
53835.7173696295 11.978112 0.0521625092074696
53835.7280695369 11.992582 0.0521217451687581
53835.7373573496 11.977304 0.05208349800776
53851.6612709258 11.937466 0.0507905262340352
53851.6774556483 11.968334 0.050817057433789
53851.6936219791 11.971626 0.0508127764379862
53851.7098251158 11.958459 0.0507873504766824
53959.4947259145 11.843433 0.0515289323124
53959.5047508216 11.816331 0.0514851254668038
53959.5148324537 11.800054 0.0514560713152818
53959.524835266 11.786 0.0514228151946332
53973.4923402548 11.782892 0.0529584738826753
53973.5022274304 11.785096 0.052957785285928
53973.5121790857 11.793116 0.0529815142149461
53973.5220565392 11.800298 0.0530024925103306
53936.4791487153 11.993496 0.0524159961503372
53936.4900537618 11.995072 0.0524163126257567
53936.5009811572 11.997658 0.0524204634995358
53936.5122229052 11.974285 0.0523699112884966
53945.502361794 11.974817 0.0524071635220076
53945.5129346526 11.960154 0.0523690075122897
53945.5239201388 11.926933 0.0522933292884773
53945.5344400927 11.891068 0.0522138483788967
53903.5894607175 11.866086 0.0521119167650764
53903.6030775812 11.903292 0.0521841221125776
53903.6167769446 11.947708 0.0522615782135987
53903.63086147 11.989454 0.0523417923530346
53806.7459201274 11.911143 0.0529636692065556
53806.7539158679 11.898834 0.0542983650137076
53806.7619683218 11.977601 0.0721874235084259
53812.750305428 12.008863 0.0515667786000929
53812.7557058682 12.0223 0.051604650475087
53812.7611546874 12.023984 0.0516044000435947
53812.7665776851 12.022572 0.0516052846396002
53879.747008403 11.855752 0.0526761296197048
53879.7568850114 11.88304 0.0527407095976129
53879.7665023493 11.922824 0.0528371795247595
53879.7761619214 11.954627 0.052908684657504
54015.3907415393 11.874053 0.053476348187085
54015.399713067 11.889078 0.0535231933662899
54015.4082937154 11.915562 0.0535878750570003
54015.4169063081 11.936381 0.0536513096708957
54022.4212726738 12.005104 0.0538154473930089
54022.4285951738 12.004944 0.0538302379479219
54022.4359185995 12.006725 0.0538437140198613
54022.4432209606 11.996757 0.0538251288027093
54034.4574033913 11.807008 0.0534120112162236
54034.4638513193 11.803738 0.0534564280352111
54034.4702931248 11.818754 0.0536460691526568
54034.4767467246 11.806035 0.0534529332759933
53991.4393344677 11.868521 0.0548693987098594
53991.4462122802 11.872438 0.0534408105470357
53991.4530907755 11.835672 0.0533365059131637
53991.4599400001 11.807986 0.0545528291961314
53994.4272115973 11.786048 0.0530519680879887
53994.435737847 11.790938 0.0530753138371477
53994.4442945371 11.862871 0.0538576596309063
53994.4528183566 11.907575 0.057756118551733
54005.444197037 11.785416 0.0530264743914975
54005.45294147 11.782103 0.053022151241572
54005.4618581251 11.803296 0.0530634627965365
54005.4705845021 11.810304 0.053099713963581
54198.7058423843 11.858056 0.0537270049606129
54198.7124012035 11.85728 0.0537128027067924
54198.7190137153 11.873539 0.0537463384599013
54198.725546146 11.884031 0.053767686845111
54212.6683305092 11.866594 0.0525580722566731
54212.6827516668 11.900669 0.0526045590111435
54212.6971497801 11.947264 0.0526903762361106
54212.7115277546 11.986404 0.052789227734973
54319.5285258681 11.886864 0.0531648831848098
54319.5391414237 11.910409 0.0532478701400914
54319.5497169445 11.944812 0.0533487600023465
54319.5602092363 11.976331 0.0534281743974296
54333.5427465625 12.020628 0.0525442027965357
54333.5537016089 12.007002 0.0525456696004699
54333.5645755208 11.989166 0.0525363827082766
54333.5754545257 11.968356 0.0525416188625616
54296.5096255322 11.83474 0.0520967308606947
54296.5184778357 11.821113 0.0520680626271246
54296.5273385765 11.821644 0.0520597216876155
54296.5361503703 11.823444 0.0520613508062283
54268.7367889816 11.996709 0.0526920846317184
54268.7451387155 12.007826 0.0525745772022059
54268.753516933 12.012642 0.0525741400457164
54268.761866794 12.010131 0.0526486320829752
54168.7625570834 11.842672 0.0538171812073954
54168.7697195021 11.846068 0.0537550922639688
54168.776926852 11.844292 0.0536641376265707
54168.7841109141 11.842506 0.0536468305211274
54246.5890874883 11.829184 0.0537171413657512
54246.6004753124 11.835337 0.053689955168672
54246.6119432176 11.844828 0.0537151680492893
54246.6233641437 11.859018 0.0537438949457478
54414.4132510303 11.844035 0.0528270315021565
54414.419813206 11.852591 0.0555331983215206
54414.4263715511 11.851334 0.0527854756679398
54414.4328936804 11.73657 0.052697860056732
54378.4226480789 11.80957 0.0532445287160896
54378.4325112963 11.819839 0.0532685181668193
54378.4424206947 11.83203 0.053314286619365
54378.4522601968 11.849383 0.0533670671797476
54390.4025559145 11.923372 0.0517487448518718
54390.4133846875 11.965293 0.0518123891859701
54390.4242052313 12.002202 0.0518839085943901
54390.4350305324 12.032995 0.0519520698276598
54344.5268185763 11.983998 0.0523999493302591
54344.5354780555 12.006147 0.0524493556959811
54344.5441488656 12.028911 0.0525133641563144
54344.5528105442 12.042596 0.0525509556548372
54356.4154739813 11.877685 0.0523176557683372
54356.4256065395 11.88946 0.0523482375530106
54356.4355262383 11.922889 0.0524125045614964
54356.4455368053 11.946416 0.0524690051112529
54362.4118432986 11.868598 0.0533980996312998
54362.4201352779 11.852691 0.0533624592904316
54362.428360359 11.833791 0.0533121407234063
54362.4366090509 11.827299 0.0533100502999126
54704.4392390624 11.923292 0.0517829432061001
54704.4470427083 11.955814 0.0518374197675295
54704.4548439351 11.969532 0.0518655055428043
54704.4627165739 11.993437 0.0519064893840459
54525.7750939007 11.85628 0.0546184972261085
54525.7777374072 11.844986 0.0545888853488493
54525.7804429514 11.850387 0.0545702673432009
54525.7831736111 11.856615 0.0545887167080591
54658.5228581252 11.842124 0.0555510231617295
54658.5311674653 11.85002 0.0577633800426235
54658.5393943982 11.863375 0.0583610339015032
54658.5478259721 11.874362 0.059463833241603
54677.5715052197 11.836702 0.0516022190531664
54677.5797559954 11.820163 0.0515751674885272
54677.5881044562 11.808726 0.0515582904470295
54677.5963320835 11.803268 0.05155181217283
54622.6633034144 11.912792 0.0516709176989584
54622.6792373611 11.870269 0.051609364711366
54622.6952207405 11.850047 0.0518375737518102
54622.7107532872 11.837328 0.0521518101964924
54643.6456669443 11.815572 0.0515212125116734
54643.6569757178 11.829487 0.0515426300372332
54643.6680269446 11.851825 0.0515867743379141
54643.6791326967 11.888136 0.0516559342872609
54589.7143082754 11.941707 0.0517847813301589
54589.7284482871 11.981721 0.0518563951749774
54589.7428694558 12.026796 0.0519409696994607
54589.757879294 12.052692 0.0519892021375971
54599.6530091319 12.049766 0.0513424111773816
54599.6662363655 12.053487 0.0513350107416715
54599.6795332868 12.029655 0.0512949879281069
54599.6927590276 11.988776 0.0512302890215902
54614.7558436226 11.998839 0.0517882818553956
54614.7689705207 11.963171 0.0517276571201559
54614.7820785535 11.927717 0.0516690232389865
54614.7952266322 11.894407 0.0516169694873031
54758.3988989351 11.805439 0.0528927739459234
54758.4086848494 11.834425 0.0529710051524326
54758.4185026969 11.850712 0.0530150748429862
54758.4282992591 11.880872 0.0530987068141764
54728.4672389582 11.828205 0.0528189794261828
54728.4759059606 11.843889 0.0528721144599806
54728.4845609261 11.867273 0.0529342260516763
54728.493279074 11.884646 0.0529806849755045
54739.3864126853 11.969633 0.0523454982558949
54739.3953235531 11.946401 0.0524316177634344
54739.4041307177 11.920934 0.0524288931860498
54739.4129234143 11.908018 0.0524519961280301
54929.6994655555 11.99529 0.0539073774955624
54929.7127358451 11.951659 0.0537404585867426
54929.7259818403 11.931852 0.0536623455117107
54929.7391318864 11.893617 0.0535306391932457
54944.6739089699 11.855066 0.0517782783653446
54944.6819533794 11.8772 0.0518138029941174
54944.6900012614 11.898372 0.0518416810182415
54944.6981058563 11.924861 0.0518857616179995
55057.4746919558 11.954607 0.0519238188552569
55057.4830895024 11.933593 0.0518869049139641
55057.4913282408 11.910644 0.0518472573959566
55057.499526354 11.890384 0.051811014725526
55031.5695587617 12.022264 0.0532621232420545
55031.5768922569 12.030819 0.0532835130461776
55031.58427228 12.008985 0.0532315045957966
55031.5915857522 11.995041 0.0531907557584665
55031.5989168172 11.974279 0.0531278498189126
54999.6744558912 11.942149 0.0524865031163688
54999.6876710997 11.903982 0.0527035108090106
54999.7010292475 11.876371 0.0528832326048075
54999.7140881944 11.847846 0.053138698555721
54913.7437306135 12.033146 0.0543077115620999
54913.7565710419 12.071791 0.0529845729184196
54913.7695276621 11.843147 0.0518669156497194
54913.7826610417 11.823697 0.0518132749716904
54974.7603243751 11.809043 0.0513357265847034
54974.7736605325 11.801694 0.0513384624833976
54974.7869215741 11.811361 0.0513742454133701
54974.8001665276 11.826028 0.0514014135347069
55123.4405990164 11.845364 0.0517432941338744
55123.4511989583 11.832361 0.0517251140202382
55123.4618247105 11.832339 0.0517298201967748
55123.472444213 11.82453 0.0517441815397059
55086.4425148727 12.021054 0.0521558105080217
55086.447783831 12.021392 0.0521568809915816
55086.4530519676 12.042342 0.0522015143337549
55086.4583179052 12.054213 0.0522272563467215
55304.7904424189 11.763363 0.0526671407354237
55413.5432066433 11.998602 0.0523459568178828
55413.5795763773 11.920342 0.0522638977823999
55381.6228809029 11.980144 0.0516749834379445
55381.6534763541 11.875062 0.0515007783651749
55393.5702787729 11.895828 0.0514778971297944
55362.5963521412 11.873347 0.0525063010783335
55275.7485580673 11.816974 0.0522549382924341
55334.69467353 11.803115 0.0531143734360937
55473.4983163197 11.800989 0.0520592368230226
55473.5267186808 11.826658 0.0521647998643741
55441.4883743172 11.867078 0.0531721520321299
55441.5119341204 11.807954 0.0530304940108728
55663.6537011575 11.92386 0.0532264026838705
55663.6808722221 11.956556 0.0534198641076222
55678.7470527085 11.964748 0.0517418402869802
55678.7687989123 11.98201 0.0517794222055308
55706.715955347 11.873328 0.0510665330670018
55706.7283624189 11.837745 0.0510197730542845
55706.7408651041 11.819443 0.0509918421269752
55706.7533643173 11.797977 0.0509600050215542
53588.5613049305 11.797077 0.0518358425912262
53588.5783481713 11.767331 0.0517818142136866
53588.5952596761 11.743619 0.0517395038507165
53588.6123262037 11.754537 0.0517585468341799
55736.7247063426 11.838872 0.0510407528600542
55736.7411497684 11.873414 0.0510862777615059
55736.7577170601 11.921794 0.0511562261759023
55736.7742683913 11.960632 0.0512299014807559
55766.5077363428 11.985403 0.0517048361240456
55766.5204744328 11.959414 0.0516594594404158
55766.533333727 11.924101 0.0515986405442164
55766.5463004283 11.896224 0.0515575262375634
55796.468958287 11.869306 0.0517008993045551
55796.4811118748 11.831948 0.0516444595871534
55796.492929352 11.805285 0.0516015086434769
55796.5048499419 11.790185 0.0515788594327631
55852.4196143635 11.978733 0.0522006514977786
55852.4316228125 11.987434 0.0522176766528852
55852.4435741897 11.981362 0.0522214898118771
55852.455671065 11.966218 0.0522025324300537
56066.6534320256 11.850197 0.0518033158359031
56066.6623651274 11.81616 0.0517359464977118
56066.6713365279 11.811015 0.0517202013831719
56066.6803671992 11.793225 0.051682790004932
56150.5132335299 11.943595 0.0516327503351177
56150.5217836225 11.923051 0.0516076758900315
56150.5303797918 11.904748 0.0515732046737784
56150.5387750114 11.880753 0.0515355057753316
56182.4962626272 11.874654 0.0516614942027206
56182.5074915276 11.845467 0.0516098679402329
56182.5187409259 11.824998 0.0515928729754733
56182.530002581 11.808968 0.0515740030579806
56217.420378426 11.801339 0.0510533337729815
56217.432325567 11.802928 0.0510533161269839
56217.4443563887 11.808966 0.0510660403927927
56217.4564802547 11.83143 0.0511047909713288
56388.6986119906 11.914543 0.0516834710718566
56388.7084944444 11.935878 0.0516960061876345
56388.7184640393 11.949583 0.0516989957753805
56388.7283533104 11.955409 0.0516974361035503
56415.7664383333 11.884952 0.0520860063286575
56415.7760902084 11.845012 0.0520813469018245
56415.7840015045 11.859011 0.0527564997930221
56415.7918945253 11.849011 0.0527348272256133
56459.6254108798 11.904839 0.0534588381264439
56459.6352936689 11.881499 0.0540125065767996
56459.6453416318 11.851951 0.0551556920854752
56459.6553582175 11.820521 0.0563483047989261
