53587.463378 16.3119 0.115
53587.471228 16.4883 0.123
53587.479094 16.3904 0.119
53587.486865 16.3025 0.116
53607.377829 16.5415 0.126
53607.387635 16.2579 0.114
53607.397454 16.4914 0.125
53607.407270 16.4491 0.124
53556.417462 16.4646 0.132
53556.424872 16.4944 0.134
53556.432345 16.458 0.132
53556.439813 16.6112 0.140
53830.660449 16.5758 0.123
53830.669910 16.4906 0.119
53830.679386 16.6332 0.125
53830.688881 16.4462 0.116
53845.617283 16.4231 0.115
53845.625998 16.6361 0.125
53845.634658 16.6572 0.126
53845.643425 16.6143 0.124
53948.391026 16.5121 0.099
53948.396511 16.571 0.101
53948.402024 16.4701 0.098
53948.407521 16.5565 0.101
54095.697857 16.5285 0.146
54095.705591 16.5898 0.148
54095.713335 16.5051 0.142
54095.721088 16.4794 0.141
53769.620212 16.3245 0.101
53889.352163 16.3757 0.100
53889.363035 16.4293 0.102
53889.373910 16.3739 0.100
53889.384796 16.4295 0.101
53904.509883 16.3872 0.105
53904.521388 16.4899 0.109
53904.532914 16.4466 0.107
53904.544457 16.4412 0.108
53817.598875 16.3782 0.113
53817.607937 16.4036 0.114
53817.617025 16.4328 0.115
53817.626217 16.5295 0.120
53860.504543 16.4122 0.091
53860.517986 16.4976 0.093
53860.531370 16.6648 0.098
53860.544690 16.624 0.097
53875.564416 16.4466 0.118
53875.573009 16.5144 0.121
53875.581571 16.4616 0.119
53875.590101 16.33 0.113
53881.540995 16.391 0.116
53881.551287 16.5014 0.121
53881.561586 16.4254 0.117
53881.571884 16.3664 0.115
54197.679921 16.4873 0.142
54197.689474 16.436 0.142
54197.698974 16.4782 0.143
54197.708477 16.5049 0.145
54210.590121 16.495 0.116
54210.601079 16.6133 0.121
54210.611992 16.4721 0.114
54210.622874 16.5562 0.119
54334.380195 16.422 0.117
54337.400632 16.4548 0.134
54337.404028 16.2678 0.125
54337.407441 16.2113 0.122
54337.410844 16.3648 0.130
54153.753245 16.6966 0.125
54153.762672 16.6271 0.122
54125.705896 16.5067 0.113
54125.733511 16.3504 0.107
54125.748020 16.4746 0.111
54296.474256 16.3583 0.106
54296.482449 16.3808 0.106
54296.490651 16.3274 0.105
54296.498843 16.2726 0.103
54274.404234 16.4484 0.127
54274.413175 16.4953 0.130
54274.422116 16.4303 0.127
54274.431020 16.603 0.155
54174.567158 16.488 0.115
54174.572347 16.5319 0.116
54174.577533 16.396 0.111
54174.582761 16.4089 0.111
54185.651022 16.3842 0.113
54185.662625 16.3038 0.111
54185.674241 16.3362 0.112
54185.685880 16.2427 0.107
54226.656379 16.46 0.115
54226.667297 16.1613 0.104
54226.678202 16.5887 0.121
54226.689159 16.3357 0.111
54240.505477 16.5139 0.117
54240.516585 16.4571 0.114
54240.527844 16.5837 0.120
54240.538888 16.5771 0.120
54246.493751 16.6313 0.147
54246.502324 16.7548 0.155
54246.510899 16.853 0.161
54246.519464 16.4067 0.133
54344.372973 16.3363 0.125
54344.378069 16.2911 0.123
54344.383155 16.2211 0.119
54344.388235 16.3638 0.127
54509.697279 16.4488 0.110
54509.705842 16.564 0.115
54509.714449 16.407 0.108
54509.722888 16.3678 0.106
54662.479483 16.3951 0.100
54662.486056 16.2927 0.096
54662.492615 16.4026 0.100
54622.492622 16.4218 0.097
54622.502447 16.3416 0.094
54622.512277 16.3761 0.095
54622.522092 16.3748 0.095
54527.699087 16.4872 0.099
54527.712967 16.4204 0.098
54527.726518 16.4077 0.097
54527.739773 16.3935 0.097
54590.572536 16.4663 0.100
54590.580860 16.4337 0.098
54590.589210 16.4292 0.098
54590.597534 16.4934 0.100
54595.553707 16.4718 0.115
54595.564068 16.4305 0.112
54595.574437 16.5027 0.114
54595.584814 16.495 0.117
54615.524138 16.337 0.094
54615.532311 16.3991 0.096
54615.540507 16.3839 0.095
54615.548678 16.4707 0.098
54923.706295 16.4781 0.101
54923.717118 16.3765 0.098
54923.727904 16.528 0.104
54923.738738 16.5442 0.104
54939.665307 16.5561 0.094
54939.674426 16.8197 0.103
54939.683558 16.6519 0.097
54939.692819 16.7266 0.100
55060.400665 16.7208 0.112
54887.729228 16.4268 0.100
54887.740042 16.4414 0.100
54887.750914 16.3685 0.098
54887.761702 16.3482 0.097
54859.635341 16.5876 0.128
54859.644298 16.5052 0.124
54859.653235 16.4681 0.122
54859.662148 16.4941 0.122
55043.450134 16.5285 0.132
55043.455175 16.7102 0.143
55043.460242 16.6361 0.139
55043.465288 16.5444 0.135
54995.418477 16.4162 0.118
54995.426487 16.4677 0.121
54995.434489 16.3918 0.117
54995.442459 16.3466 0.115
54912.660588 16.4892 0.105
54912.672929 16.4681 0.103
54912.685318 16.4917 0.106
54912.697704 16.5048 0.104
54954.494409 16.3848 0.117
54954.503367 16.3233 0.114
54954.512438 16.5567 0.125
54954.521500 16.3443 0.116
54974.551951 16.432 0.094
54974.563173 16.4692 0.095
54974.574337 16.5637 0.098
54974.585487 16.8013 0.107
55299.705182 16.4688 0.091
55386.454309 16.3423 0.109
55360.561080 16.4582 0.106
55360.582620 16.5925 0.111
55265.752703 16.5468 0.104
55328.539532 16.5773 0.113
55328.574961 16.6848 0.118
55714.500040 16.492 0.098
55714.512688 16.5006 0.099
55714.525433 16.5794 0.102
55714.538251 16.6422 0.105
55691.504541 16.4676 0.104
55691.514600 16.4039 0.102
55691.534934 16.4136 0.103
55744.439181 16.5577 0.108
55744.448602 16.6241 0.111
55744.458090 16.4832 0.106
55744.467538 16.4104 0.103
55980.605303 16.4477 0.100
55980.617358 16.3153 0.095
55980.629353 16.5419 0.103
55980.641328 16.396 0.098
56011.593392 16.4976 0.093
56011.606838 16.76 0.103
56011.620356 16.857 0.105
56011.633895 16.7084 0.100
56033.631369 16.4377 0.081
56033.642685 16.4048 0.080
56033.654035 16.4231 0.080
56033.665304 16.2468 0.077
56046.631646 16.4706 0.092
56046.643639 16.3559 0.089
56046.655788 16.3793 0.090
56046.667904 16.317 0.088
56061.517180 16.4816 0.093
56061.527042 16.4769 0.093
56061.536963 16.426 0.092
56061.546864 16.4391 0.092
56076.433743 16.7982 0.105
56076.446414 16.6431 0.100
56076.459100 16.6899 0.102
56076.471798 16.4787 0.096
56101.460433 16.4948 0.094
56101.473083 16.5152 0.095
56101.485825 16.4809 0.096
56101.498640 16.3913 0.094
56368.685726 16.8187 0.098
56368.699306 16.5984 0.092
56368.712906 16.3475 0.086
56368.726566 16.5518 0.091
56391.659153 16.4845 0.097
56391.672826 16.4305 0.095
56391.686685 16.4214 0.095
56391.700602 16.4736 0.097
56418.597940 16.5299 0.082
56418.612972 16.4088 0.078
56418.628126 16.1714 0.075
56418.643201 16.2403 0.076
