53587.463927 17.3302 0.175
53587.471779 17.1723 0.163
53587.479633 17.1815 0.165
53587.487501 17.3377 0.177
53608.404338 17.4536 0.232
53608.413654 17.1848 0.204
53608.423171 17.8102 0.281
53608.432499 17.5854 0.253
53830.660028 17.5598 0.186
53830.669478 17.5737 0.187
53830.678964 17.5577 0.186
53830.688451 17.5381 0.184
53845.616861 17.6233 0.191
53845.625574 17.5701 0.187
53845.634232 17.6063 0.190
53845.642999 17.6722 0.196
53962.402477 17.5816 0.172
53962.412285 17.56 0.171
53962.422118 17.5616 0.172
53962.431956 17.5507 0.172
54095.698285 17.4093 0.221
54095.706014 17.4865 0.225
54095.713768 17.5652 0.234
54095.721525 17.465 0.221
53769.621539 17.5381 0.161
53945.426449 17.5202 0.167
53945.436286 17.6006 0.174
53945.446090 17.561 0.172
53945.455908 17.6319 0.178
53889.354857 17.2604 0.138
53889.365735 17.3718 0.144
53889.376610 17.3088 0.141
53889.387508 17.3045 0.141
53904.511505 17.3935 0.155
53904.523025 17.3652 0.153
53904.534543 17.4007 0.156
53904.546085 17.4057 0.157
53915.528170 17.5 0.202
53915.535698 17.5101 0.204
53915.543268 17.5466 0.208
53915.550813 17.6996 0.226
53817.598394 17.2854 0.163
53817.607456 17.2629 0.161
53817.616568 17.385 0.171
53817.625732 17.3579 0.168
53860.559617 17.4616 0.130
53860.574288 17.5596 0.135
53860.588908 17.519 0.133
53860.603539 17.477 0.131
53875.564855 17.6785 0.200
53875.573448 17.5624 0.190
53875.581994 17.584 0.192
53875.590536 17.4793 0.182
53881.541418 17.5113 0.185
53881.551731 17.6391 0.197
53881.562011 17.5867 0.193
53881.572321 17.4683 0.182
54197.680343 17.4111 0.216
54197.689900 17.3791 0.217
54197.699397 17.4896 0.228
54197.708899 17.4564 0.225
54210.592842 17.4041 0.168
54210.603782 17.3981 0.167
54210.614684 17.2974 0.160
54210.625572 17.1882 0.153
54337.403606 17.3297 0.198
54337.407003 17.7718 0.247
54337.410423 17.4431 0.210
54337.413820 17.4084 0.206
54153.753794 17.1973 0.153
54153.763229 17.1808 0.152
54153.772712 17.1665 0.152
54153.782122 17.1833 0.153
54126.686528 17.1848 0.153
54126.701206 17.2261 0.156
54127.723506 17.5734 0.177
54127.729622 17.5983 0.179
54127.735812 17.5705 0.176
54127.742016 17.7048 0.186
54285.401150 17.2186 0.144
54285.410960 17.207 0.144
54285.420826 17.2142 0.144
54285.430649 17.2533 0.147
54297.439724 17.4922 0.164
54297.450635 17.4797 0.164
54297.461602 17.4549 0.162
54297.472533 17.47 0.163
54274.437997 17.2625 0.181
54274.443186 17.2044 0.176
54274.448367 17.4729 0.200
54274.453641 17.4308 0.196
54172.583703 17.5491 0.182
54172.591891 17.5084 0.178
54172.600081 17.4565 0.175
54172.608243 17.4793 0.218
54185.698469 17.0151 0.145
54185.709460 17.1514 0.155
54185.720405 17.1566 0.153
54185.731335 17.3392 0.168
54185.742305 17.1768 0.157
54190.578290 17.0339 0.170
54190.584557 17.2794 0.192
54190.590848 17.3204 0.195
54190.597170 17.2643 0.190
54226.659088 17.6804 0.193
54226.670002 17.5764 0.184
54226.680910 17.6651 0.192
54226.691858 17.4004 0.170
54241.603809 17.4867 0.179
54241.612030 17.3979 0.172
54241.620254 17.5819 0.187
54241.628473 17.3781 0.170
54246.493318 17.4288 0.211
54246.501900 17.3066 0.199
54246.510464 17.5467 0.225
54246.519031 17.6704 0.239
54345.375179 17.2637 0.154
54345.381666 17.2451 0.154
54345.388148 17.4011 0.166
54345.394632 17.4548 0.172
54510.691191 17.6588 0.175
54510.702279 17.5125 0.164
54510.732009 17.5241 0.164
54510.743339 17.6289 0.173
54662.482192 17.1455 0.133
54662.488759 17.166 0.131
54662.495320 17.2135 0.134
54622.497469 17.1329 0.124
54622.507303 17.1463 0.124
54622.517138 17.1731 0.126
54622.526973 17.2542 0.130
54527.701113 17.778 0.164
54527.715001 17.595 0.152
54527.728493 17.7256 0.161
54527.741745 17.6491 0.156
54590.573622 17.1473 0.127
54590.581952 17.1469 0.127
54590.590301 17.1632 0.128
54590.598612 17.1246 0.126
54595.554986 17.5082 0.179
54595.565349 17.612 0.182
54595.575717 17.6226 0.182
54595.586090 17.4564 0.173
54615.524678 17.3077 0.132
54615.532850 17.1471 0.124
54925.522652 17.6011 0.141
54925.530476 17.5915 0.141
54925.543170 17.5932 0.141
54925.551176 17.2589 0.123
54939.673767 17.6169 0.138
54939.682903 17.31 0.122
54939.692162 17.4034 0.127
54939.701360 17.8519 0.153
55060.401190 17.1868 0.134
55060.407537 17.0992 0.130
54887.731405 17.2516 0.135
54887.742249 17.3487 0.140
54887.753113 17.2586 0.135
54887.763912 17.3879 0.143
54859.637417 17.5208 0.194
55043.450551 17.2622 0.181
55043.455607 17.2534 0.182
55043.460659 17.264 0.183
55043.465705 17.006 0.163
54995.445967 17.5591 0.193
54995.451917 17.5101 0.189
54995.458178 17.5448 0.192
54995.464147 17.6478 0.202
54912.663246 17.2306 0.137
54912.675605 17.2588 0.138
54912.687995 17.1491 0.133
54912.700384 17.1565 0.132
54955.450164 17.5404 0.192
54955.462897 17.5888 0.197
54955.472248 17.4051 0.181
54955.481705 17.5869 0.197
54974.553903 17.3062 0.127
54974.565119 17.1603 0.121
54974.576284 17.148 0.121
54974.587437 17.0691 0.117
55299.712541 17.2986 0.120
55351.495629 17.2343 0.283
55361.581324 17.3666 0.153
55265.754806 17.3029 0.137
55328.543661 17.1401 0.140
55328.579110 17.2282 0.147
55658.675254 17.2862 0.156
55658.718071 17.4384 0.178
55691.509229 17.1897 0.137
55691.519349 17.2613 0.142
55691.539732 17.2552 0.141
55744.441531 17.319 0.146
55744.450994 17.3163 0.146
55744.460458 17.2375 0.141
55744.469956 17.2108 0.140
55980.606485 17.0857 0.125
55980.618603 17.2563 0.133
55980.630539 17.1208 0.126
55980.642543 17.1336 0.127
56011.598324 17.4331 0.129
56011.611808 17.3356 0.124
56011.625366 17.2235 0.119
56011.638911 17.3079 0.124
56033.636046 17.4179 0.108
56033.647422 17.496 0.112
56033.658712 17.4222 0.109
56033.669996 17.4484 0.110
56046.640826 17.4851 0.131
56046.652887 17.6372 0.140
56046.665058 17.5136 0.135
56046.677160 17.5787 0.138
56061.582745 17.589 0.139
56061.593302 17.6075 0.141
56061.603942 17.5444 0.136
56061.614537 17.4072 0.129
56076.437229 17.4035 0.133
56076.449938 17.1974 0.122
56076.462614 17.3038 0.129
56076.475331 17.3099 0.128
56101.469553 17.0921 0.115
56101.482267 17.1543 0.121
56101.495073 17.2388 0.127
56101.507845 17.334 0.133
56368.736329 17.3251 0.119
56368.749069 17.416 0.123
56368.761884 17.5609 0.130
56368.774797 17.5854 0.132
56391.660918 17.0835 0.119
56391.674636 17.1795 0.124
56391.688493 17.2636 0.129
56391.702405 17.2673 0.130
56418.598873 17.2615 0.101
56418.613902 17.2832 0.102
56418.629060 17.2568 0.101
56418.644141 17.2459 0.101
