53583.509595 14.7131 0.079
53583.517074 14.6932 0.079
53583.524610 14.709 0.084
53583.532133 14.6928 0.087
53605.620711 16.2286 0.108
53605.636372 15.9972 0.100
53605.651498 16.0393 0.102
53605.666574 15.9865 0.100
53611.460644 16.5879 0.149
53611.469761 17.0433 0.184
53611.478882 16.6791 0.155
53611.487930 16.5881 0.149
53567.490697 17.4407 0.199
53567.497792 17.2241 0.179
53567.504914 16.9684 0.159
53567.512045 16.5967 0.136
53645.434527 17.2774 0.215
53645.443142 17.1202 0.199
53645.451795 16.74 0.168
53645.460463 16.8063 0.173
53669.429295 17.1971 0.168
53669.436433 17.3111 0.179
53669.443582 17.3027 0.179
53669.450891 17.5629 0.207
53622.429062 17.2999 0.210
53622.435137 17.1866 0.198
53622.441414 17.4781 0.229
53622.447814 17.3762 0.217
53834.730931 13.8403 0.058
53834.745411 13.8543 0.058
53834.759903 13.7656 0.058
53834.774363 13.7159 0.057
53959.537140 17.4453 0.156
53959.550234 17.2439 0.143
53959.563308 16.6841 0.115
53959.576401 17.05 0.132
53978.381672 16.4041 0.123
53978.390369 16.3008 0.118
53978.399079 16.3143 0.118
53978.407865 16.3366 0.119
53934.505817 17.2278 0.143
53934.512496 17.5835 0.169
53934.519252 17.3463 0.151
53934.525950 17.011 0.131
53944.509262 16.9534 0.128
53944.515876 17.3026 0.147
53944.522483 16.9185 0.126
53944.529116 16.8757 0.124
53893.624826 16.6392 0.126
53893.633424 16.9024 0.139
53893.642191 16.7995 0.134
53893.651313 16.9601 0.143
53913.614055 17.2196 0.169
53913.622809 17.214 0.168
53913.631583 17.172 0.165
53913.640327 17.4911 0.192
53805.741138 17.1708 0.165
53805.746430 16.9207 0.147
53805.751731 17.1784 0.165
53805.757044 17.1936 0.165
53861.633899 16.8119 0.113
53861.643750 16.927 0.117
53861.653604 17.0598 0.123
53861.663451 16.5648 0.103
53879.755095 17.4734 0.176
53879.764703 17.1592 0.153
53879.774339 17.5681 0.185
53879.783872 17.2649 0.161
54014.389867 16.4172 0.125
54014.398495 16.857 0.149
54014.407138 16.8207 0.147
54014.415787 16.879 0.150
53993.432810 13.0983 0.058
53993.441125 13.1668 0.058
53993.449391 13.1833 0.058
53993.457656 13.186 0.058
54004.481703 16.678 0.137
54004.491138 16.63 0.134
54004.500583 16.8079 0.145
54004.510008 16.8666 0.149
54202.702133 17.3324 0.160
54202.716298 17.1712 0.149
54202.730417 17.3313 0.159
54202.744592 16.8134 0.128
54213.706000 16.7172 0.129
54213.717472 16.7538 0.130
54213.729045 17.192 0.156
54213.740561 16.7241 0.128
54320.493297 16.5397 0.108
54320.499872 16.5334 0.108
54320.506343 16.3845 0.103
54320.512828 16.4312 0.104
54321.472084 15.5686 0.081
54321.482512 15.5018 0.079
54321.492876 15.5283 0.080
54321.503213 15.438 0.078
54333.590608 14.1037 0.060
54333.595875 14.0969 0.060
54333.601137 14.0891 0.060
54333.606403 14.099 0.060
54333.611657 14.1367 0.060
54158.773279 13.9845 0.067
54158.777202 13.98 0.067
54158.781103 13.9964 0.067
54158.784994 13.928 0.066
54296.506356 15.2687 0.075
54296.515151 15.2763 0.076
54296.524037 15.2413 0.075
54296.532831 15.2583 0.075
54303.532649 16.9425 0.152
54303.542077 16.7371 0.139
54303.551283 16.9652 0.153
54303.560609 16.8366 0.144
54268.734072 16.5626 0.111
54268.742435 16.4882 0.108
54268.750779 16.6033 0.114
54268.759167 16.5138 0.111
54268.767502 16.5621 0.115
54188.729911 17.1458 0.179
54188.738584 16.9948 0.166
54188.747201 17.2135 0.185
54188.755930 17.006 0.168
54189.777293 17.0637 0.172
54189.780757 17.0971 0.173
54189.784259 17.5049 0.211
54189.787673 17.5742 0.217
54247.612303 17.2492 0.191
54247.623843 16.9659 0.167
54247.635336 17.1473 0.181
54247.646796 17.0322 0.171
54385.449280 16.8725 0.152
54385.458241 16.999 0.161
54385.467190 16.7147 0.143
54385.476075 16.851 0.151
54344.528984 16.6514 0.113
54344.537631 16.3612 0.102
54344.546303 16.5517 0.110
54344.554971 16.4055 0.104
54354.473233 16.6201 0.135
54354.481139 16.5024 0.129
54354.489079 16.8669 0.150
54354.496998 17.1704 0.172
54705.483860 14.3892 0.061
54705.496125 14.3885 0.061
54705.508336 14.4338 0.062
54705.520572 14.4077 0.062
54658.520631 16.5674 0.161
54658.528980 16.9828 0.251
54678.460830 13.429 0.055
54678.466117 13.4697 0.055
54678.471367 13.4618 0.055
54678.476682 13.4448 0.055
54627.643689 14.1744 0.061
54627.656879 14.1554 0.060
54627.670060 14.1648 0.061
54627.683232 14.2268 0.070
54642.634666 16.7581 0.124
54642.645702 16.8082 0.127
54642.656644 16.7533 0.124
54642.667570 16.8745 0.129
54535.742780 16.2854 0.124
54535.747585 16.4661 0.133
54535.752370 16.384 0.128
54535.757179 16.4531 0.131
54587.770611 14.8114 0.066
54587.778883 14.7335 0.065
54587.787090 14.6612 0.064
54587.795350 14.6031 0.064
54599.592143 16.4964 0.099
54599.597567 16.6301 0.103
54599.602994 16.7218 0.107
54599.608387 16.737 0.107
54615.784632 16.676 0.102
54615.793023 16.5158 0.097
54615.801467 16.3826 0.093
54615.809826 16.2735 0.090
54779.425514 16.5839 0.108
54779.431902 16.5794 0.108
54779.438303 16.1734 0.095
54779.446168 16.4233 0.103
54779.452562 16.1421 0.094
54764.421411 16.2759 0.098
54764.427990 16.2914 0.099
54764.434553 16.0767 0.093
54764.441106 16.1457 0.094
54727.539950 16.3196 0.114
54727.544332 16.5009 0.121
54727.548745 16.4781 0.121
54735.457198 16.4955 0.114
54735.465817 16.2208 0.104
54735.474717 16.3845 0.110
54735.483339 16.6264 0.120
54929.696210 13.7417 0.063
54929.709297 13.741 0.063
54929.722645 13.7622 0.063
54929.735884 13.7286 0.063
54944.629035 16.4876 0.092
54944.642072 16.6586 0.096
54944.655106 16.5235 0.092
54944.668153 16.4243 0.089
55056.579386 16.036 0.080
55056.584520 16.0844 0.081
55056.589681 16.3631 0.088
55056.594843 16.258 0.085
55029.547582 16.9232 0.204
55029.569007 16.4014 0.158
55004.637289 16.4198 0.153
55004.643746 16.2 0.139
55004.650212 16.0098 0.130
55004.656675 16.3245 0.150
54913.734624 16.4063 0.100
54913.747479 16.1566 0.113
54913.760311 16.3213 0.097
54913.773347 16.3951 0.099
54974.765625 16.5712 0.096
54974.778964 16.6154 0.098
54974.792244 16.4562 0.094
54974.805463 16.6751 0.100
55124.428794 16.457 0.115
55124.437527 16.3829 0.112
55124.446257 16.4416 0.115
55124.454983 16.5568 0.120
55086.466767 16.3598 0.097
55086.472041 16.3168 0.096
55086.477308 16.2996 0.096
55086.482572 16.3864 0.099
55300.719770 16.0439 0.094
55413.605524 16.1518 0.113
55413.618598 16.2425 0.144
55439.498725 16.6651 0.114
55439.510683 16.7366 0.118
55439.522888 16.7557 0.119
55439.535092 16.6068 0.113
55385.541570 16.5962 0.100
55385.574169 16.5007 0.113
55353.645136 16.845 0.164
55353.684401 16.5555 0.131
55360.730517 16.4087 0.092
55360.773441 16.397 0.092
55503.409129 16.2359 0.098
55503.430304 16.199 0.097
55474.403500 13.349 0.059
55474.426217 13.1609 0.058
55678.772530 16.5629 0.101
55678.796222 16.5725 0.112
55706.782062 13.5343 0.056
55706.793524 13.522 0.056
55706.805079 13.4268 0.055
55706.816671 13.4356 0.055
54032.437965 18.0325 0.264
54158.789437 13.9193 0.066
55029.638686 16.6357 0.129
55029.647121 16.3514 0.116
55029.655585 16.292 0.114
55029.664020 16.2996 0.115
55736.663696 16.2503 0.083
55736.676036 16.1602 0.081
55736.688412 16.2869 0.083
55736.700797 16.0587 0.079
55766.459750 16.3001 0.091
55766.468184 16.1972 0.088
55766.476704 16.0991 0.086
55766.485211 16.0485 0.085
55803.396123 15.9373 0.071
55803.410147 16.1507 0.074
55803.424244 16.0037 0.072
55803.438365 16.2047 0.075
56020.687389 16.2597 0.089
56020.698641 16.1935 0.087
56020.709965 16.0863 0.084
56020.721251 16.165 0.085
56065.644863 16.1054 0.119
56065.654403 16.1736 0.126
56065.663854 16.1822 0.109
56065.673431 16.2313 0.101
56101.669091 16.234 0.086
56101.679855 16.2865 0.087
56101.690570 16.4627 0.091
56101.701243 16.1942 0.084
56131.585458 16.3842 0.093
56131.596171 16.7063 0.103
56131.606839 16.5559 0.097
56131.617565 16.3583 0.091
56165.423425 16.3878 0.094
56165.432391 16.285 0.091
56165.441309 16.3405 0.097
56165.458458 15.9844 0.084
56217.417603 13.4318 0.055
56217.429493 13.2991 0.054
56217.441548 13.352 0.054
56217.453605 13.4175 0.055
56389.697550 15.9571 0.095
56389.705367 15.9665 0.095
56389.713397 16.2614 0.104
56389.721285 16.4256 0.110
56441.754674 16.5966 0.092
56441.766337 16.4779 0.089
56441.777735 16.4944 0.089
56441.789188 16.481 0.089
56476.628847 14.3925 0.065
56476.638469 14.4223 0.065
56476.648139 14.3926 0.065
56476.657951 14.3961 0.065
