53583.512216 18.3072 0.343
53583.519691 18.25 0.328
53583.527231 18.3045 0.473
53583.534719 18.615 0.481
53605.619526 18.8287 0.357
53605.650405 18.2963 0.271
53605.665494 18.3362 0.279
53611.459799 18.2062 0.330
53611.468895 18.4283 0.375
53611.478032 18.623 0.418
53611.487082 18.6709 0.429
53567.487071 18.935 0.437
53567.494173 18.3132 0.309
53567.501247 18.9077 0.429
53567.508384 18.4484 0.333
53645.437933 18.3424 0.377
53645.446572 18.2779 0.365
53645.455228 18.1501 0.340
53645.463898 18.6362 0.448
53669.430374 17.7795 0.221
53669.437515 18.3597 0.302
53669.444659 18.6056 0.349
53669.451968 18.7122 0.378
53622.429909 18.2372 0.339
53622.435984 18.3904 0.369
53622.442261 18.2634 0.344
53622.448667 18.0621 0.309
53834.729848 18.1304 0.194
53834.744324 18.3217 0.212
53834.758817 18.5528 0.238
53834.773274 18.6462 0.249
53959.538221 18.3155 0.234
53959.551312 18.3114 0.234
53959.564394 18.1081 0.211
53959.577478 18.0908 0.210
53936.670016 18.3585 0.242
53936.677565 18.3297 0.239
53936.685097 18.2854 0.235
53936.692655 18.4151 0.252
53892.552072 18.2787 0.275
53892.560741 18.3616 0.290
53892.569406 18.2208 0.266
53892.578095 18.5133 0.325
53914.613151 18.1538 0.265
53914.622011 18.3199 0.289
53914.630737 18.2386 0.276
53914.639474 18.2465 0.278
53804.740468 18.4501 0.308
53804.745670 18.4129 0.299
53804.750846 18.81 0.370
53804.756015 18.2649 0.274
53861.632814 18.5714 0.246
53861.642671 18.7576 0.270
53861.652529 18.5023 0.236
53861.662365 18.5685 0.244
53882.650149 18.6865 0.334
53882.659847 18.5005 0.297
53882.669632 18.4149 0.283
53882.679535 18.3735 0.277
54014.394137 18.5615 0.346
54027.422547 18.2948 0.314
54027.431254 18.4285 0.343
54027.439955 18.3427 0.373
53979.370805 18.0229 0.255
53979.379491 18.0554 0.259
53979.388159 18.101 0.265
53979.396992 17.9243 0.242
53993.467648 18.3942 0.311
53993.476378 18.3374 0.302
53993.485114 18.1891 0.278
53993.493821 18.296 0.295
54000.496812 18.6867 0.374
54000.504706 18.3481 0.312
54000.512596 18.0707 0.271
54000.520462 18.2641 0.303
54008.435162 18.4035 0.312
54008.445842 18.4272 0.315
54008.456521 18.5224 0.333
54008.467190 18.9819 0.575
54202.703220 18.2487 0.248
54202.717375 18.2575 0.248
54202.731512 18.558 0.289
54202.745679 18.9271 0.353
54213.704913 18.301 0.268
54213.716382 18.5876 0.312
54213.727961 18.228 0.255
54213.739469 18.3605 0.272
54321.471004 18.4436 0.249
54321.481432 18.7227 0.287
54321.491794 18.5691 0.265
54321.502136 18.6153 0.271
54326.483980 18.2263 0.283
54326.493174 18.1698 0.275
54326.502560 18.2471 0.287
54326.511722 18.3494 0.302
54158.775863 18.1807 0.316
54158.779764 17.9334 0.276
54158.783655 18.1521 0.310
54287.535311 18.1891 0.282
54287.542108 18.1173 0.402
54287.557169 18.4157 0.317
54287.563651 18.4817 0.329
54299.581380 18.568 0.271
54299.589599 18.4766 0.257
54299.597853 18.3786 0.244
54299.606079 18.2397 0.229
54306.457372 18.9185 0.422
54306.465495 18.9225 0.423
54306.473773 18.6285 0.359
54306.481910 19.3338 0.538
54189.778172 18.1196 0.287
54189.781633 18.4463 0.343
54189.785107 18.0925 0.282
54189.788524 18.1003 0.283
54247.613152 18.0196 0.280
54247.624696 17.7784 0.246
54247.636181 18.2894 0.322
54247.647648 18.3817 0.339
54385.450125 18.5004 0.340
54385.459156 18.6988 0.380
54385.468036 18.8805 0.422
54385.476929 18.5324 0.348
54344.444879 18.3101 0.234
54344.454717 18.2593 0.228
54344.466171 18.3332 0.235
54344.476009 18.3469 0.237
54354.470269 18.5708 0.348
54354.478154 18.5973 0.353
54354.486056 18.6367 0.360
54354.493994 18.5028 0.336
54680.512087 18.3833 0.246
54681.498121 18.8408 0.268
54681.506354 18.7033 0.251
54681.514546 18.4248 0.217
54681.522732 18.2322 0.197
54705.484968 18.3324 0.204
54705.497204 18.3126 0.202
54705.509420 18.4307 0.214
54705.521648 18.4833 0.220
54658.554742 18.7477 0.456
54658.564602 18.3415 0.223
54658.572810 18.4987 0.227
54658.581011 18.2213 0.197
54627.642610 18.7585 0.273
54627.655797 18.5824 0.232
54627.668982 18.415 0.229
54627.682143 18.7273 0.307
54642.633813 18.4484 0.270
54642.644854 18.6379 0.299
54642.655781 18.6914 0.307
54642.666704 18.8891 0.340
54535.741922 18.7426 0.407
54535.746717 18.7664 0.411
54535.751520 18.5319 0.359
54535.756328 18.5924 0.371
54590.686926 18.4109 0.216
54590.697167 18.3367 0.208
54590.707438 18.3529 0.209
54590.717712 18.2673 0.201
54600.628226 18.8593 0.273
54600.640881 18.4905 0.226
54600.653566 18.4006 0.215
54600.666260 18.4355 0.218
54615.785731 18.7704 0.250
54615.794112 18.6983 0.242
54615.802570 18.76 0.249
54615.810903 18.5278 0.222
54779.422985 18.6549 0.269
54779.430837 18.5634 0.261
54779.437241 18.3644 0.235
54779.445103 18.6801 0.277
54779.451497 19.2154 0.373
54764.422497 18.1194 0.209
54764.429082 18.0784 0.205
54764.435629 18.3046 0.230
54764.442185 18.2637 0.225
54735.456354 18.4269 0.273
54735.464970 18.4938 0.283
54735.473869 18.5038 0.284
54735.482488 18.5556 0.293
54938.766212 18.2744 0.175
54938.778416 18.2964 0.177
54938.790503 18.2585 0.173
54938.802570 18.4391 0.189
55056.580669 18.1841 0.173
55056.585806 18.2154 0.175
55056.590966 18.146 0.169
55056.596126 18.3815 0.189
55029.546747 18.4843 0.444
55029.568168 18.1636 0.267
55004.638353 18.9377 0.571
55004.657745 18.6387 0.494
54913.735686 18.4157 0.235
54913.748544 18.2409 0.255
54978.609946 18.3165 0.281
54978.619355 18.4447 0.301
54978.628873 18.189 0.265
54978.638401 18.2664 0.276
55124.427974 18.109 0.238
55124.436698 18.2875 0.262
55124.445433 18.3274 0.268
55124.454160 18.6981 0.328
55087.411429 18.2052 0.180
55087.421747 18.268 0.184
55087.432063 18.2473 0.183
55087.442391 18.1198 0.172
55300.720974 18.2218 0.228
55413.606941 18.0083 0.227
55439.499939 18.3839 0.244
55439.511919 18.6741 0.285
55439.524130 18.6775 0.285
55439.536335 18.5262 0.267
55386.593280 18.5603 0.225
55386.632563 18.2057 0.188
55353.646325 18.4804 0.373
55353.685609 18.1439 0.273
55365.659796 18.2236 0.184
55365.694361 18.882 0.260
55474.404460 18.3419 0.297
55474.427185 18.0932 0.264
55678.773920 18.3221 0.209
55678.797655 18.2707 0.238
55706.783493 18.294 0.192
55706.794963 18.5244 0.213
55706.806515 18.9885 0.296
55706.818171 18.4586 0.207
55029.637850 18.4141 0.299
55029.646285 18.5374 0.320
55029.654742 18.5586 0.325
55029.663174 18.5482 0.327
55736.662074 18.1593 0.162
55736.674405 18.2947 0.171
55736.686778 18.2428 0.167
55736.699157 18.1869 0.164
55766.565168 18.3357 0.202
55766.575746 18.209 0.220
55766.586402 18.0726 0.178
55766.597046 18.2249 0.191
55803.398008 18.244 0.147
55803.412041 18.2559 0.148
55803.426130 18.2736 0.149
55803.440252 18.2773 0.148
56020.688780 18.3676 0.203
56020.700050 18.2059 0.185
56020.711359 18.0439 0.171
56020.722685 18.0723 0.169
56065.643651 18.3428 0.281
56065.653257 18.4712 0.400
56065.662668 18.4599 0.305
56065.672257 18.2891 0.248
56101.667687 18.5755 0.215
56101.678436 18.4639 0.204
56101.689175 18.3229 0.191
56101.699828 18.3452 0.191
56131.586878 18.4244 0.211
56131.597608 18.2906 0.196
56131.608282 18.1679 0.181
56131.619029 18.1513 0.183
56165.420724 17.9256 0.168
56165.431191 18.324 0.202
56165.440160 18.4106 0.228
56165.456168 18.5075 0.222
56235.439295 18.5787 0.209
56235.445609 18.639 0.215
56235.451951 18.0891 0.168
56235.458287 18.654 0.221
56389.698510 18.4622 0.273
56389.706359 18.5948 0.294
56389.714423 18.8853 0.341
56389.722253 18.4991 0.276
56441.756098 18.2436 0.171
56441.767770 18.256 0.171
56441.779153 18.222 0.169
56441.790623 18.5555 0.198
56476.629780 18.1632 0.227
56476.639440 18.4146 0.259
56476.649154 18.6349 0.290
56476.658954 18.8048 0.320
