53591.506607 17.182 0.187
53591.517208 17.37 0.206
53591.527863 17.5181 0.249
53591.538655 17.2964 0.224
53607.581322 17.0551 0.145
53607.594696 17.1087 0.149
53607.608060 16.977 0.141
53607.621348 17.4125 0.171
53554.647328 16.992 0.156
53554.653477 16.9928 0.156
53554.659679 16.9801 0.155
53554.665827 16.9219 0.151
53578.654727 16.8933 0.133
53578.664885 16.8946 0.133
53578.675078 16.9577 0.137
53578.685226 17.0149 0.140
53701.462095 17.3069 0.191
53701.470436 17.2816 0.189
53701.478391 17.1596 0.180
53701.486318 17.0141 0.170
53647.486500 17.0538 0.190
53647.495160 16.958 0.179
53647.503868 16.8215 0.170
53647.512788 16.9646 0.180
53620.454562 17.1814 0.193
53620.464405 16.9128 0.173
53620.473790 16.8729 0.189
53620.482948 17.0353 0.191
53635.477253 17.0576 0.160
53635.488712 16.9602 0.154
53635.500177 16.9953 0.156
53635.511677 17.0424 0.159
53848.724895 17.0269 0.106
53848.740847 17.075 0.108
53848.756902 17.2209 0.113
53848.772914 17.3035 0.117
53962.479093 17.3086 0.144
53962.492282 17.1448 0.134
53962.505537 17.1154 0.133
53962.518734 17.1074 0.132
53968.543623 17.0478 0.157
53968.552338 16.9654 0.151
53968.561030 17.0789 0.159
53968.569720 17.0561 0.158
53942.563961 17.2391 0.171
53942.575035 17.2065 0.169
53942.586105 17.2794 0.174
53942.597032 17.1047 0.160
53892.628586 17.0669 0.150
53892.637338 17.157 0.157
53892.646045 17.1323 0.154
53892.654782 17.1561 0.157
53914.649897 17.2609 0.169
53914.658666 17.1544 0.160
53914.667495 17.1418 0.160
53914.676416 17.0606 0.154
53878.670038 16.9646 0.140
53878.678830 17.1225 0.150
53878.687663 17.0217 0.143
53878.696529 17.021 0.143
54065.422494 17.1463 0.181
54065.426488 17.1158 0.180
54065.430558 17.2423 0.191
54065.434631 17.2692 0.194
54014.428751 17.5615 0.202
54014.437426 17.4171 0.189
54014.446043 17.3233 0.181
54014.454691 17.0983 0.162
54019.418470 17.0289 0.157
54019.428860 17.0029 0.155
54019.439237 17.1981 0.170
54019.449583 17.3208 0.179
53979.413055 17.1285 0.163
53979.422227 17.0653 0.158
53979.431423 17.0647 0.158
53979.440634 17.0633 0.158
54000.531617 17.4689 0.199
54000.539421 17.5348 0.208
54000.547217 17.3141 0.189
54000.555012 17.2928 0.191
54008.442595 17.4799 0.191
54008.453280 17.3286 0.178
54008.463953 17.17 0.166
54008.474603 17.0341 0.155
54197.788796 17.0292 0.174
54197.796849 17.1158 0.181
54197.805081 17.1148 0.178
54197.813348 16.7234 0.150
54215.753978 17.3517 0.206
54215.762576 17.207 0.193
54215.771189 17.3486 0.207
54215.779883 17.2475 0.197
54321.636263 17.0818 0.130
54321.649473 17.0568 0.129
54321.662739 17.0935 0.130
54321.676188 17.1273 0.133
54295.645685 17.0255 0.185
54295.650957 17.0413 0.235
54295.656190 17.1431 0.533
54295.661406 16.9658 0.317
54306.579972 17.5045 0.196
54306.589541 17.2057 0.169
54306.599312 17.1574 0.167
54306.608952 17.0937 0.162
54260.697071 17.0768 0.144
54260.710853 17.0693 0.142
54260.724469 17.035 0.140
54260.738170 17.1943 0.150
54239.741089 17.053 0.285
54240.704359 17.0578 0.142
54240.717611 17.0769 0.142
54240.730771 17.0933 0.143
54240.743919 17.2986 0.156
54416.414310 17.0467 0.130
54416.424141 17.1376 0.136
54416.433954 17.1085 0.135
54416.443778 17.163 0.138
54385.486786 17.2589 0.177
54385.495948 17.2163 0.174
54385.505092 17.4305 0.195
54385.514229 17.5344 0.208
54351.488839 16.8909 0.156
54351.492776 16.8797 0.149
54351.496654 16.8795 0.149
54351.500580 17.0462 0.160
54360.422844 17.2551 0.143
54360.433830 17.322 0.147
54360.444885 17.1809 0.138
54360.455810 17.1078 0.134
54686.590902 17.0189 0.117
54686.598002 17.0108 0.117
54686.605067 17.0224 0.117
54686.612128 16.9881 0.116
54661.536833 17.2828 0.128
54661.545066 17.6175 0.147
54661.553259 17.7217 0.154
54661.561478 17.6171 0.147
54677.649962 17.6236 0.147
54677.654910 17.5732 0.144
54677.659863 17.6417 0.148
54677.664846 17.6194 0.147
54677.669813 17.5823 0.144
54622.759127 17.0865 0.135
54622.769705 16.9836 0.133
54622.780274 16.9402 0.135
54622.790849 16.9762 0.130
54642.684669 16.984 0.133
54642.694262 17.0921 0.139
54642.703948 17.036 0.136
54642.713650 17.0255 0.136
54591.712264 17.1891 0.125
54591.725413 17.1643 0.272
54591.738623 17.3215 0.166
54591.751904 17.6345 0.152
54779.460545 17.0558 0.126
54779.465871 17.112 0.130
54779.471201 16.9926 0.124
54779.476535 17.0264 0.126
54765.491677 17.2811 0.143
54765.498169 17.4352 0.153
54711.408195 17.2213 0.126
54711.416922 17.1856 0.124
54711.425651 17.3385 0.131
54711.434412 17.331 0.131
54735.494172 17.2455 0.151
54735.503273 17.2152 0.149
54735.512156 17.1768 0.147
54735.521064 17.1024 0.142
54943.784475 17.1025 0.123
54943.792671 17.1328 0.123
54943.800785 17.0893 0.122
54943.808920 17.1307 0.125
55057.582744 17.383 0.137
55057.588029 17.5411 0.147
55057.593350 17.5518 0.148
55057.598667 17.5465 0.147
55029.678904 17.0424 0.161
55029.687336 17.2078 0.175
55029.695762 17.0807 0.164
55029.704234 17.029 0.159
54980.740020 17.0783 0.153
54980.750219 17.0463 0.152
54980.760690 17.023 0.150
54980.771112 17.0396 0.151
55120.423939 17.2193 0.123
55120.430296 17.3197 0.128
55120.436651 17.3231 0.129
55120.443035 17.4867 0.138
55087.513945 17.0424 0.123
55087.522412 17.0178 0.122
55087.530888 17.0385 0.123
55087.539430 17.0658 0.124
55439.552383 16.9583 0.150
55439.562262 17.1875 0.165
55439.572171 17.2151 0.168
55439.582089 17.2677 0.172
55392.571182 17.1174 0.121
55392.608983 16.9851 0.115
55359.706461 17.1975 0.131
55359.742144 16.9937 0.122
55502.429953 17.2124 0.119
55502.455427 17.3234 0.125
55474.482558 17.4342 0.185
55474.505403 17.5213 0.195
55681.786975 17.0491 0.099
55681.826733 16.8458 0.092
55707.738508 17.313 0.124
55707.753541 17.2069 0.119
55707.768638 17.2012 0.118
55707.783655 17.0613 0.112
55739.608206 17.1747 0.118
55739.622537 17.2713 0.122
55739.636889 17.3663 0.126
55739.651207 17.1759 0.118
55767.723135 17.134 0.135
55767.731541 17.2751 0.172
55767.740039 17.1333 0.175
55767.748515 17.216 0.196
55774.524726 17.4799 0.140
55774.536578 17.4812 0.141
55774.548569 17.2762 0.129
55774.560380 17.1005 0.120
55804.573729 17.064 0.171
55804.582715 17.0781 0.205
55804.591851 16.7449 0.140
55804.600997 16.9123 0.144
56037.702889 16.84 0.113
56037.712431 16.8855 0.114
56037.722122 17.0044 0.118
56037.731711 17.0246 0.119
56072.756140 16.927 0.119
56072.768994 17.0279 0.123
56072.781128 16.9255 0.121
56072.793355 17.0491 0.131
56173.580776 17.1162 0.105
56173.589316 17.317 0.112
56173.597838 17.2674 0.111
56173.606360 17.0906 0.104
56220.421794 17.0437 0.108
56220.435301 17.0634 0.108
56220.446584 17.231 0.115
56220.458108 17.2002 0.114
56395.747420 17.2896 0.125
56395.759679 17.4296 0.132
56395.771744 17.5783 0.140
56395.783897 17.3917 0.129
56478.563355 17.0231 0.100
56478.574670 16.8601 0.095
56478.586084 16.8595 0.095
56478.597517 16.9022 0.096
