53591.456551 14.8055 0.080
53591.477844 14.7673 0.079
53591.488255 14.7396 0.079
53607.455302 14.7828 0.072
53607.470146 14.7221 0.071
53607.484909 14.7491 0.072
53607.500129 14.742 0.071
53578.562565 14.7936 0.071
53578.571261 14.752 0.071
53578.579928 14.771 0.071
53578.588622 14.7471 0.071
53579.621546 14.8093 0.065
53579.625205 14.8146 0.065
53579.628881 14.8341 0.065
53579.632568 14.867 0.066
53652.404960 14.842 0.084
53652.414436 14.8133 0.083
53652.423775 14.9165 0.085
53652.432979 14.9038 0.085
53669.431459 14.8069 0.075
53669.438608 14.7799 0.074
53669.445747 14.731 0.074
53669.453073 14.7633 0.075
53618.504172 14.8053 0.073
53618.514887 14.81 0.074
53618.525386 14.8932 0.075
53618.536169 14.9282 0.075
53636.526360 14.724 0.075
53636.536739 14.6613 0.073
53636.547117 14.677 0.074
53636.557495 14.6886 0.074
53834.734203 14.8553 0.067
53834.748674 14.8255 0.066
53834.763164 14.7958 0.066
53834.777638 14.7629 0.066
53959.539312 14.6953 0.067
53959.552392 14.6789 0.067
53959.565482 14.7226 0.068
53959.578561 14.7559 0.068
53969.520937 14.7574 0.074
53969.532003 14.7471 0.074
53969.543098 14.7282 0.074
53969.554185 14.7224 0.074
53936.672187 14.7596 0.068
53936.679748 14.8042 0.069
53936.687290 14.8155 0.069
53936.694825 14.8363 0.070
53947.512698 14.8865 0.070
53947.522028 14.8471 0.069
53947.531378 14.849 0.069
53947.540697 14.8189 0.069
53892.555513 14.7083 0.072
53892.564170 14.7395 0.073
53892.572845 14.7467 0.072
53892.581523 14.7299 0.072
53914.615771 14.8584 0.075
53914.624576 14.8218 0.074
53914.633308 14.8125 0.074
53914.642074 14.7855 0.074
53804.742175 14.7939 0.074
53804.747364 14.7708 0.073
53804.752541 14.7611 0.073
53804.757709 14.7616 0.073
53861.636067 14.856 0.067
53861.645923 14.848 0.067
53861.655777 14.8929 0.067
53861.665636 14.8808 0.067
53882.649299 14.8765 0.074
53882.658998 14.888 0.073
53882.668754 14.8216 0.072
53882.678668 14.8012 0.072
54011.488159 14.7221 0.074
54011.497822 14.7297 0.075
54011.507491 14.7388 0.075
54011.517189 14.7293 0.075
53979.373371 14.6898 0.073
53979.382049 14.7189 0.074
53979.390865 14.7432 0.074
53979.399555 14.7427 0.074
53993.469357 14.7875 0.075
53993.478088 14.8086 0.075
53993.486821 14.8423 0.076
53993.495543 14.9134 0.077
54000.497668 14.7299 0.075
54000.505563 14.7386 0.075
54000.513454 14.7231 0.075
54000.521322 14.747 0.076
54202.713054 14.831 0.071
54202.727155 14.8601 0.072
54202.741338 14.8695 0.072
54202.755696 14.8768 0.072
54215.669255 14.8344 0.076
54215.681700 14.787 0.075
54215.694136 14.7542 0.074
54215.706578 14.6919 0.073
54321.476506 14.7938 0.068
54321.486908 14.821 0.069
54321.497267 14.8392 0.069
54321.507616 14.8555 0.069
54326.516484 14.8416 0.076
54326.525838 14.8503 0.076
54326.535236 14.8181 0.075
54326.544611 14.7808 0.075
54287.537065 14.6669 0.073
54287.544083 14.6813 0.074
54287.558886 14.7101 0.074
54287.565379 14.6903 0.074
54299.583536 14.8354 0.069
54299.591790 14.8222 0.069
54299.600037 14.7938 0.069
54299.608249 14.7577 0.068
54306.491867 14.8928 0.077
54306.501442 14.9027 0.077
54306.511032 14.846 0.076
54306.520717 14.8298 0.076
54260.687280 14.879 0.073
54260.700896 14.8301 0.072
54178.727429 14.788 0.080
54178.734126 14.7703 0.079
54178.740797 14.7359 0.079
54178.747472 14.7212 0.079
54243.643955 14.6836 0.069
54243.657193 14.6689 0.069
54243.670435 14.7063 0.070
54243.683599 14.7625 0.070
54386.454752 14.6851 0.074
54386.460118 14.6727 0.074
54386.465466 14.639 0.073
54386.470825 14.6758 0.074
54402.419843 14.6854 0.069
54402.430835 14.6714 0.068
54402.441761 14.6728 0.069
54402.452685 14.6593 0.069
54347.499805 14.8292 0.070
54347.508545 14.8132 0.070
54354.440442 14.8226 0.076
54354.447052 14.8064 0.076
54354.453644 14.7722 0.075
54354.460238 14.7735 0.075
54680.523849 14.7491 0.065
54680.550626 14.6504 0.093
54681.500304 14.7107 0.064
54681.508515 14.6976 0.064
54681.516706 14.6747 0.064
54681.524887 14.657 0.064
54705.489320 14.8282 0.065
54705.501549 14.8412 0.066
54705.513762 14.8659 0.066
54705.525988 14.8553 0.066
54658.558554 14.7672 0.070
54658.566766 14.7694 0.067
54658.574971 14.7388 0.065
54658.583233 14.7276 0.065
54627.646938 14.6305 0.063
54627.660133 14.6312 0.064
54627.673302 14.6494 0.064
54627.686472 14.486 0.070
54642.636435 14.692 0.069
54642.647443 14.6377 0.068
54642.658364 14.6072 0.068
54642.669290 14.6689 0.068
54535.744495 14.8416 0.079
54535.749317 14.8312 0.078
54535.754089 14.8587 0.079
54535.758899 14.8629 0.079
54591.631197 14.6556 0.064
54591.641064 14.646 0.064
54591.650952 14.637 0.064
54591.660816 14.625 0.064
54600.629302 14.8331 0.066
54600.641961 14.772 0.065
54600.654647 14.7432 0.065
54600.667344 14.6967 0.064
54615.786824 14.8193 0.065
54615.795212 14.8395 0.065
54615.803658 14.8481 0.065
54615.812008 14.7963 0.065
54780.431524 14.8151 0.068
54780.437911 14.781 0.068
54780.444308 14.7627 0.068
54780.450701 14.7557 0.068
54764.402126 14.7778 0.068
54764.407089 14.797 0.068
54764.412044 14.8306 0.068
54764.417148 14.8093 0.068
54735.458892 14.6618 0.069
54735.467661 14.6745 0.069
54735.476414 14.6994 0.069
54735.485041 14.7163 0.070
54942.703940 14.7522 0.063
54942.715773 14.7238 0.063
54942.727612 14.6914 0.062
54942.739482 14.6813 0.062
55056.581951 14.8252 0.063
55056.587098 14.8331 0.063
55056.592257 14.8395 0.063
55029.550121 14.7527 0.085
55029.571559 14.585 0.095
55004.641563 14.8786 0.088
55004.648051 14.8632 0.088
55004.654514 14.8413 0.088
55004.660976 14.8011 0.087
54913.739990 14.7721 0.067
54913.752811 14.9799 0.074
54913.765752 14.8321 0.067
54978.643621 14.8778 0.075
54978.651392 14.8761 0.075
54978.659339 14.8342 0.074
54978.667025 14.8023 0.073
55124.432912 14.6927 0.070
55124.441644 14.6801 0.070
55124.450373 14.6573 0.070
55124.459098 14.6729 0.070
55087.414003 14.8476 0.064
55087.424321 14.8156 0.064
55087.434630 14.799 0.064
55087.444962 14.7816 0.064
55415.483255 14.6774 0.066
55415.505079 14.7084 0.067
55439.501138 14.7737 0.068
55439.513145 14.7231 0.067
55439.525349 14.7308 0.067
55439.537552 14.6979 0.067
55385.602517 14.7729 0.086
55385.635166 14.7626 0.101
55386.596149 14.749 0.064
55353.696591 14.6784 0.081
55353.732839 14.7546 0.083
55365.664091 14.7728 0.063
55365.698721 14.8542 0.064
55474.405405 14.7121 0.073
55474.428109 14.7961 0.075
55679.760169 14.7391 0.062
55706.786520 14.8822 0.065
55706.797841 14.8833 0.065
55706.809383 14.8721 0.065
55706.821038 14.8703 0.065
55029.641193 14.8571 0.075
55029.649649 14.8594 0.075
55029.658102 14.8509 0.075
55029.666542 14.8523 0.075
55736.667014 14.8796 0.062
55736.679355 14.8407 0.062
55736.691725 14.7841 0.062
55736.704101 14.7424 0.061
55766.569379 14.6829 0.063
55766.579999 14.6667 0.063
55766.590661 14.7032 0.063
55766.601305 14.7532 0.064
55803.401755 14.8187 0.059
55803.415815 14.851 0.060
55803.429901 14.8672 0.060
55803.444025 14.8713 0.060
56033.678318 14.8243 0.060
56033.693375 14.8125 0.060
56033.708428 14.7454 0.059
56033.723450 14.7241 0.059
56067.635120 14.7072 0.065
56067.643459 14.7347 0.066
56067.651862 14.7302 0.066
56067.660176 14.7687 0.066
56101.673324 14.6792 0.062
56101.684151 14.7025 0.062
56101.694854 14.7241 0.062
56101.705544 14.7415 0.062
56131.625575 14.8777 0.065
56131.636830 14.8323 0.065
56131.648252 14.7948 0.066
56131.659641 14.7686 0.070
56165.426996 14.7373 0.064
56165.436007 14.7884 0.065
56165.444898 14.7345 0.075
56165.462066 14.8303 0.065
56389.699507 14.8293 0.070
56389.707357 14.8486 0.070
56389.715414 14.8922 0.071
56389.723201 14.911 0.071
56441.757520 14.7337 0.062
56441.769187 14.7206 0.062
56441.780574 14.6982 0.061
56441.792108 14.7145 0.061
56476.630740 14.6843 0.067
56476.640394 14.6906 0.068
56476.650131 14.7098 0.068
56476.659926 14.7337 0.068
