53591.5055596411 16.060676 0.117240063910509
53591.5162593635 16.076675 0.117853482823293
53591.5270167707 16.046359 0.13466555313819
53591.5377043171 16.027479 0.131027347201256
53607.5840453473 15.985656 0.0981246316284181
53607.5974268983 15.991413 0.0983391547247189
53607.6107709142 16.039874 0.0998658739993286
53607.6240845369 16.021704 0.0992967920970681
53701.4681684605 16.035122 0.111743443119539
53701.4761026736 15.981602 0.110015265823885
53647.4903736111 16.010784 0.120674215677456
53647.4990598263 16.076016 0.123168866581472
53647.5079668403 16.069193 0.125348742961464
53647.5166834608 16.023409 0.121010671837091
53620.4942252316 16.031748 0.121493748308081
53620.5022990049 15.961186 0.11689546003086
53620.5108681714 16.050009 0.120341557545373
53620.5190539813 15.995022 0.122681824101064
53636.5777883567 16.017637 0.106571887542283
53636.5896355673 16.055495 0.108115582234939
53636.6014374192 16.059181 0.108541144109415
53636.6132498612 16.048314 0.108410839943032
53848.726212697 16.206699 0.0832827603252842
53848.7421692129 16.123593 0.081370601359766
53848.7582198957 16.14674 0.0818073781607158
53848.774235058 16.144322 0.0816195737689802
53962.4817983448 16.136765 0.0946186982600347
53962.4949904052 16.099719 0.0934646215166393
53962.5082341898 16.134089 0.0943175747135851
53962.521449734 16.129241 0.0941263618289177
53968.5479234142 16.029141 0.105895169861327
53968.5566247801 16.063863 0.107237543199839
53968.5652903818 16.088961 0.108170672031492
53968.5739889817 16.099891 0.108694049848987
53942.5670734953 16.141379 0.11014767171486
53942.5781656943 16.074619 0.107710869742359
53942.5893510763 16.11517 0.10909801936512
53942.6000535648 16.108226 0.108750456937714
53892.6320491784 16.092153 0.104020760263857
53892.6407647339 16.094966 0.103972033431069
53892.6494879282 16.124945 0.10527677195053
53892.6583425116 16.132373 0.106444670176323
53914.6542578355 16.098119 0.10645322639554
53914.6630455211 16.100052 0.10657045294569
53914.6719279747 16.121427 0.107275895982192
53914.6808072568 16.106538 0.10671996978671
53878.6734998842 15.986794 0.0981763406905425
53878.6823038311 16.050254 0.100196161865812
53878.6911456596 16.047944 0.100150962538447
53878.7000213309 16.00988 0.0986787669484529
54057.4218463196 16.08827 0.111324619418145
54057.4292659258 16.126695 0.113213531119314
54057.4366949072 16.137886 0.115635877531738
54057.4442100117 16.077264 0.112050912325484
54065.4251012385 15.979228 0.112135077848092
54065.4291635418 16.126955 0.118607563530997
54065.4332344096 16.099644 0.117292125211297
54065.4372999651 16.080625 0.117065081076612
53979.4171644558 16.122155 0.109952616085038
53979.4263238312 16.142407 0.110686061284376
53979.4355607523 16.089354 0.108455746472974
53979.4448025349 16.138584 0.110159289682547
53993.5061883798 16.060301 0.107045243310931
53993.5141578933 16.098002 0.108639331389673
53993.5221652548 16.072148 0.107661315187042
53993.5301271297 16.074806 0.107721393514362
54008.485987697 16.088302 0.107928304022917
54008.4946407985 16.10635 0.108611237167598
54008.5033419446 16.103235 0.108899939583561
54008.5120575579 16.100727 0.108506950037992
54197.7896494215 16.088758 0.118378783089536
54197.797729016 16.129469 0.119732257230595
54197.8059686806 16.123596 0.117798167885132
54197.8142367012 16.181286 0.119569550845295
54322.4886715743 16.076259 0.0918673397246589
54322.5002473495 16.048717 0.0912035667905455
54322.5118867941 16.067063 0.0916441947992054
54322.5234807525 16.020475 0.0903533366587203
54295.6482594909 16.100631 0.125249236226362
54295.6535487037 16.031828 0.136406933715004
54295.6587618633 16.058736 0.259517829078683
54295.6639709721 15.862765 0.185189061560981
54306.5791014006 16.043115 0.107403190719882
54306.5886866089 16.086168 0.108664328102337
54306.5984635997 16.16188 0.111958110237851
54306.6080865391 16.120999 0.110759056515548
54262.687150729 16.079492 0.115440231960941
54262.699106632 16.098695 0.116660987293829
54262.7110878706 16.07426 0.116455852832275
54262.7231137847 16.150419 0.120963782889143
54231.7841775694 16.024965 0.111528797933376
54231.7958069445 16.122973 0.115701402946971
54231.8075360881 16.086583 0.114137833711153
54231.8191446296 16.084104 0.113889349707011
54416.415383854 16.046851 0.092624115664727
54416.4252173379 16.070777 0.0933449619669016
54416.4350297456 16.047857 0.0928703419302172
54416.4448551158 16.034909 0.0926219272527036
54386.4817837152 16.083068 0.109224032291707
54386.4885401043 16.046759 0.107931336966427
54386.4953294794 16.040746 0.107873761046106
54386.5020741785 16.055175 0.108528703334925
54351.5058105091 16.019023 0.110745462813805
54351.5123269676 16.022319 0.12622944306466
54351.5247785995 16.004441 0.109196862627162
54351.5300914237 16.068817 0.114404277357022
54686.5919894562 16.042341 0.0863367921243686
54686.599078727 16.085136 0.0871729834290209
54686.6061428818 16.08546 0.0871613807050152
54686.6132239467 16.084308 0.0870201803920783
54661.5379134258 15.980601 0.0840859625037332
54661.5461462615 15.944317 0.0832640841679914
54661.5543464585 15.984509 0.0840902615586685
54661.5625548726 15.957421 0.0834338998563075
54622.7577974767 15.945784 0.0906077838375735
54622.7683898959 15.97899 0.0936506137716781
54622.7789570949 15.955319 0.0947747872811438
54622.7895407177 15.956828 0.0916600914373168
54642.685512338 16.051743 0.0960395107200017
54642.6951302892 16.10286 0.0975350819087219
54642.7048067014 16.061689 0.0963292723839837
54642.7144959608 16.093637 0.0973561110343426
54597.6677510763 16.011021 0.0962121408788953
54597.6752211574 16.002267 0.0957894815589569
54597.6826677315 16.061396 0.0973889587240165
54597.6900823728 16.017052 0.0958224012966589
54765.4970866088 15.794417 0.0892577083943813
54765.5101717128 15.954145 0.0895723294557708
54769.4170029281 16.10868 0.106699788739045
54769.4261239932 16.116707 0.107062793803356
54769.4353030442 16.081172 0.106103595184868
54769.4444619558 16.135812 0.108043849557268
54711.4529533563 16.14932 0.0878930482353269
54711.4617977892 16.109582 0.0868673047327646
54711.47056294 16.091047 0.0863588072317483
54711.4793216088 16.100401 0.0865832527795312
54736.5217598147 15.935516 0.0938619341493883
54736.5309841201 15.946654 0.094342417701075
54736.5405115743 15.931719 0.0940015480545755
54736.5497688774 15.950455 0.0946757529451689
55055.5669786457 16.201585 0.109378024692832
55055.5752934373 16.256098 0.110488491710823
55055.5836502315 16.220748 0.110008665441912
55055.5920331829 16.245223 0.110955321901965
55022.6670135878 16.056136 0.0842211323423975
55022.6803540279 16.021547 0.0836536618731796
55022.6935617131 16.108291 0.0861706968233865
55022.7067457753 16.097579 0.0859487565708587
54980.7408762729 16.18491 0.108936267803944
54980.751080949 16.162833 0.108245852791227
54980.7615622568 16.174047 0.108497630939415
54980.7719835995 16.207407 0.109863858840804
55105.4556125347 16.168703 0.0961362051101684
55105.4662452317 16.185284 0.0966767946022933
55105.4768587151 16.111301 0.0949090253532605
55105.4874618864 16.166072 0.0965521633512706
55087.5150032174 16.243339 0.0938838263862313
55087.5234647687 16.225621 0.0933966933296062
55087.5319476272 16.245416 0.0940875640657067
55087.5404833681 16.219236 0.0934975321491642
55437.5847231826 16.087451 0.108440251616322
55437.6067768058 16.143744 0.110557550660332
55359.707656146 16.128341 0.0913489824276948
55359.7433767361 16.083256 0.0906475197273399
55707.739927743 16.133636 0.0847878156217285
55707.7549783218 16.15206 0.0850825684876206
55707.7700780903 16.124334 0.0843878289213964
55707.7850977661 16.068699 0.0829388004647482
55739.6067980787 16.178908 0.0858003231861403
55739.6211228127 16.208572 0.0863999216316014
55739.6354705904 16.16452 0.0853013520969395
55739.6497927893 16.197755 0.0861296982098129
55774.5259229979 16.121631 0.0880383809556713
55774.5377461342 16.101679 0.0874476403805151
55774.5497434721 16.127193 0.088013325517587
55804.5746780207 16.134248 0.115728068853613
55804.5837005905 16.265346 0.125926371244499
55804.5928311573 16.186167 0.115292397286429
55804.6019769909 16.17273 0.108528703334925
56074.7012360301 16.126401 0.0908001508035727
56074.7111262269 16.096654 0.0898680607190351
56074.7211293867 16.067141 0.0889183413835427
56074.7310722452 16.128924 0.0905046441001316
56146.5888756248 16.219382 0.0871777325914409
56146.6007137271 16.205699 0.0865888429389492
56146.613447743 16.218688 0.0876627963129203
56146.6254088311 16.187226 0.0868053346822976
56177.5145453008 16.148241 0.0789343246203695
56177.5258492128 16.151165 0.0790352430451144
56177.5372387616 16.127804 0.0787671758481043
56177.5485223032 16.112665 0.0784446359110158
56235.4707058914 16.085348 0.0795777288209218
56235.4810155438 16.071322 0.0793520914327047
56235.4908806252 16.065345 0.0794081207848142
56235.5007835532 16.038063 0.0790741868683279
56407.7604881943 16.107849 0.0789811608526511
56407.7746462732 16.095053 0.0786404410406227
56407.7888148728 16.05028 0.0778203181722895
56407.8031285069 16.110532 0.0789179736414828
