53605.5632424885 14.524299 0.0685577054611632
53605.5739447456 14.541111 0.0688239992452555
53605.5845954977 14.617903 0.0698696004454382
53605.5955743636 14.705194 0.07109532820151
53611.4521658334 14.436341 0.0784062422467709
53611.4611877084 14.434669 0.0743871403322408
53611.4703033563 14.39866 0.073911590549117
53611.4794214928 14.432936 0.0744369781837214
53567.5424086113 14.434929 0.0709124115197267
53567.5495209141 14.45292 0.0711657091246003
53567.5589375926 14.502558 0.0718548978128105
53567.566107222 14.522869 0.0722250287511463
53582.4996752545 14.485993 0.073661182714248
53582.5071054168 14.458407 0.0731839764582277
53582.5145291436 14.433614 0.0727382483484305
53582.5219659607 14.416659 0.0725261000955045
53646.4195381018 14.436898 0.0764080518403318
53646.4266640625 14.453343 0.0768636956880802
53646.433818611 14.469208 0.0772797878847778
53646.4408973494 14.472673 0.0774231589337955
53647.439102234 14.596852 0.0836620058688593
53647.4478545372 14.540542 0.0800641698787831
53647.4565392362 14.488238 0.0787116745559407
53647.4652517128 14.507568 0.0807675387240908
53622.3972032756 14.530186 0.0765511437021034
53622.4054774653 14.608096 0.0779367876898606
53622.4138500464 14.610147 0.0779542895807519
53622.4222083796 14.638851 0.0784609261340777
53834.677304016 14.641127 0.0648593455130777
53834.6894207061 14.584206 0.0642294832437375
53834.7015460762 14.505656 0.0634150231711083
53834.7136329166 14.439982 0.0627714177111809
53849.6849439121 14.686168 0.0652661442648629
53849.696475625 14.6098 0.0644141065138952
53849.7079891088 14.525677 0.0635872249147709
53849.7195165739 14.498988 0.0633602151662354
53949.4711891553 14.458763 0.0651120836349383
53949.480087176 14.504407 0.0655610575733652
53949.4889590396 14.515465 0.0657025158937565
53949.4978458332 14.591287 0.0665311379112922
53960.5327054747 14.561232 0.0659346336614656
53960.5443787151 14.642198 0.0669036177007225
53960.5560135301 14.680654 0.0673303555087266
53960.5676214933 14.725681 0.0679459787448397
53917.5601102316 14.47311 0.069982304931588
53917.5691887151 14.447465 0.0704891106297266
53917.5782106944 14.442235 0.0695460992550387
53917.5872647568 14.425125 0.0693410945549632
53937.5918905788 14.65967 0.0784432325593959
53937.601309919 14.689161 0.0791628594488235
53937.6107482409 14.652488 0.0819342935982673
53937.6201455902 14.607013 0.0835704896817603
53889.5585887036 14.407836 0.0630788048252949
53889.5695700692 14.429487 0.0632346119949272
53889.5805365974 14.438729 0.0632985335142943
53889.5915617477 14.454562 0.0633838886952744
53904.562012604 14.412822 0.0642285226033155
53904.5686846874 14.413804 0.0642092184719845
53904.5753584374 14.405207 0.0640917019267183
53904.5820127777 14.401533 0.0640555283777907
53812.7726972452 14.645015 0.0653092092629072
53812.7776683681 14.666506 0.0655474867628211
53812.782633021 14.669899 0.0655753499682782
53812.7875732523 14.626548 0.0650772963010015
53861.6769667938 14.431916 0.0628523076638054
53861.6881723148 14.42688 0.0627976451534018
53861.6993380208 14.402387 0.0625743304252659
53861.7105113543 14.41834 0.06268503426064
53881.7122366667 14.691795 0.0809364088653174
53881.7221401969 14.581883 0.07098276214001
53881.7321234952 14.522508 0.0804007258143925
53881.7420229629 14.47254 0.0701246268487076
54011.4542630437 14.536429 0.0718966861147148
54011.4629214701 14.50094 0.0713284449998571
54011.4716145137 14.483151 0.0711477116610567
54011.480259861 14.478809 0.0711590975508403
53980.3898187151 14.364066 0.0697186083919796
53980.3980161344 14.452259 0.0707927658003546
53980.4061637848 14.436236 0.0708813967863634
53980.4143280901 14.466449 0.0709172032039415
54001.5271299422 14.756949 0.0916773845409023
54001.5322266665 14.425822 0.0720567252277705
54001.5373512732 14.486289 0.0813536484513007
54001.5424661689 14.526208 0.0806385422164406
54202.6514739813 14.71136 0.0702610480253896
54202.665544074 14.609926 0.0687961498389585
54202.6796108219 14.529762 0.0675832351992831
54202.693613206 14.46688 0.0667497761858425
54213.6401495022 14.6065 0.077721352478802
54213.6509944794 14.658407 0.0786375889138025
54213.6618423496 14.653311 0.120855476285692
54213.69853669 14.620421 0.0768475086956984
54321.5568026044 14.477664 0.0647876205767529
54321.5677540624 14.452834 0.0645677197562815
54321.5787184839 14.430823 0.0643627341498838
54321.5901298034 14.41482 0.0642400655493977
54326.4780084376 14.441344 0.0699743022812701
54326.4870482522 14.43346 0.0699158010389683
54326.496376956 14.460644 0.0702704643812218
54326.5056401618 14.507345 0.0708914951378678
54285.6626020023 14.709447 0.0677135412272711
54285.6686068634 14.707017 0.0676587076114067
54297.5367747452 14.466598 0.064843766959241
54297.5444077891 14.473906 0.0649560105611765
54297.5520770601 14.500165 0.0652016346078664
54297.5597590627 14.505615 0.065336711483566
54303.4979145831 14.457169 0.0701228747456182
54303.5064544908 14.452432 0.0700242861985292
54303.5149947453 14.462653 0.0701357786438868
54303.523602361 14.489403 0.0704634330780309
54261.5517348265 14.49557 0.0679902191187762
54261.5616537267 14.516796 0.0681443459445365
54261.5716079166 14.567318 0.0687007943833313
54261.5814727661 14.634271 0.0697525992298286
54174.7531298497 14.642599 0.0691171633092981
54174.7669007522 14.726229 0.0722307070561981
54174.7807254745 14.714263 0.0695198054195162
54174.7945459145 14.680979 0.0688438732334965
54244.5851721526 14.681413 0.0618346642816741
54244.601284456 14.727243 0.0621336415745007
54244.6174136573 14.694746 0.0618047497818014
54244.6335208682 14.622763 0.0610031272286896
54244.6496406943 14.554698 0.060431042747827
54387.4285470254 14.469251 0.0713996390094518
54387.4338851968 14.456391 0.0713064071724016
54387.4392179168 14.449884 0.0712275661823681
54387.4445455439 14.451734 0.0712878453820708
54344.440481273 14.61475 0.0665792112938808
54344.450390683 14.6642 0.0671405651820774
54344.4618422687 14.709406 0.0676501922569169
54344.4716757522 14.728475 0.0678442881553704
54354.4162438891 14.695696 0.0742336401584205
54354.4228369558 14.704615 0.0743822479313632
54354.4294685765 14.687854 0.0741231347120061
54354.4361534376 14.686312 0.0741680774012154
54705.4359163656 14.602309 0.0633929499331227
54705.4474620717 14.569799 0.0630851613713747
54705.4589283681 14.510781 0.0625560195061265
54705.4704386457 14.451362 0.062074112110918
54660.4937783564 14.559877 0.0638004310584358
54660.5026100581 14.600427 0.0642131084637488
54678.4217843749 14.623195 0.0643581159991364
54678.4277234953 14.663148 0.0647416900417137
54678.43315147 14.690774 0.0650262227230668
54678.4385963543 14.703304 0.0651413871822208
54627.6177803239 14.680001 0.0614652279917063
54627.6224830554 14.654795 0.0612241366757493
54627.6271670254 14.655336 0.0615730900090083
54627.6319114234 14.621175 0.0611009620308856
54641.618057118 14.447569 0.0663115161040049
54641.6266924075 14.437383 0.066217506230995
54641.6353146063 14.446736 0.0663007177659014
54641.6439446757 14.471009 0.0665784899184355
54531.7401842014 14.671244 0.0692756715604799
54531.7514706249 14.662689 0.0689978287086359
54531.7627317016 14.589384 0.0679456906054925
54531.7740062038 14.536774 0.0672104223230182
54590.6833301275 14.655644 0.0642263743919312
54590.6935920948 14.678389 0.0644329382367778
54590.7038276736 14.680189 0.064424477150078
54590.7141330438 14.667847 0.0643014720300373
54616.6592131945 14.430458 0.059248345093668
54616.6713692246 14.424358 0.0592174999938726
54767.402601169 14.473005 0.0645853371277576
54767.4081815858 14.478244 0.0647208916453409
54767.4136334257 14.497565 0.0649593033553957
54767.4190776157 14.511693 0.0652065647466803
54721.4537498495 14.515645 0.0634450786772355
54721.458100359 14.520154 0.0634810368289806
54721.4624397568 14.558911 0.0638658159779063
54721.4667906249 14.588309 0.0641684932477004
54736.4863217707 14.544651 0.0679822008929101
54736.4951853009 14.558791 0.0681969629445103
54736.5040513772 14.635656 0.0692523576868327
54736.512652523 14.678129 0.0698696004454382
54928.6505334952 14.703424 0.0616106347630844
54928.6621071991 14.676674 0.0613378430938538
54928.6737016204 14.665894 0.0612089456037174
54928.6852411923 14.625238 0.0610287837438152
54929.6505730556 14.416492 0.0713544131444565
54929.6584559952 14.453789 0.0717643633454672
54929.6663495832 14.447341 0.0715549960507299
54929.6741848382 14.454283 0.0716680051633272
54944.6245034955 14.514258 0.0610442355866115
54944.6375285418 14.494588 0.0608269964510398
54944.6505646644 14.452833 0.0604534303141607
54944.6636020833 14.422585 0.0601820639852642
55055.4935905441 14.722126 0.0726320886150895
55055.5025633449 14.684872 0.0720630789802096
55055.5112305788 14.603477 0.0708721253970368
55055.5195615624 14.587511 0.0706337374321933
55023.5658633217 14.433445 0.0686113546765511
55023.5735313195 14.472846 0.0691287348499374
55023.5812304515 14.461056 0.0689794371802004
55023.5889184723 14.521612 0.0697897353457566
55004.6040698611 14.638858 0.0834281519587922
55004.6126896413 14.625486 0.0831682430817454
55004.6213584836 14.685172 0.0841968571692558
55004.6300381017 14.697595 0.0841704585549553
54911.7657129398 14.442026 0.0679335908775958
54978.5642919561 14.623059 0.0712828543887389
54978.5737191668 14.687135 0.0722436502359696
54978.5831780901 14.705664 0.0724534966072554
54978.5925411807 14.690572 0.0720271868415711
55087.4478099076 14.519709 0.0642817723034402
55087.4541457985 14.533937 0.0644223203737948
55087.4604914119 14.524673 0.0643494660502372
55087.4668391086 14.578048 0.0648691486198164
55104.4736958332 14.557484 0.0658382089628399
55104.4816593286 14.618388 0.0664962028070606
55104.489625949 14.648979 0.0668977566619688
55104.4976106365 14.667463 0.0671565814823845
55307.705938646 14.643728 0.064680101293642
55416.5403517475 14.511488 0.0644069492527085
55416.5694214813 14.666748 0.0660478616762438
55438.4911645485 14.708929 0.0733297633679071
55438.513306956 14.744899 0.0777393324594681
55386.4915745257 14.465958 0.0625381940485561
55386.5218660998 14.560848 0.0656464237639398
55353.6392686344 14.701218 0.0787093800067495
55353.6784502314 14.532344 0.0712915555726827
55368.548802384 14.403879 0.0612661100914191
55654.73969794 14.547721 0.0623403005487834
55654.7620004167 14.509183 0.0619649428046797
55679.7185110301 14.489288 0.0604574501722644
55679.7467629165 14.458393 0.0589197229777176
55707.6245456364 14.524583 0.0621994631085518
55707.6330584608 14.551476 0.0623903641898173
55707.6417167823 14.550611 0.0624038634549177
55707.6502739353 14.592039 0.062708060363085
53980.43814103 14.598028 0.0723146829663209
53980.4463706251 14.662184 0.0733223540201935
53980.4546154977 14.72237 0.0741895642543033
53980.4628405787 14.703045 0.0739355475039679
55737.6401132868 14.492878 0.0598128144017094
55737.6566737617 14.53597 0.0601288443438984
55737.6735469794 14.554265 0.0602530896639446
55737.690300509 14.664978 0.0611061716591819
55768.4993131946 14.715368 0.0640392751328018
55768.5063523495 14.668878 0.0636222574325222
55768.513436308 14.626261 0.0631799775215781
55768.5205296295 14.5841 0.0627252061137566
55807.4489158449 14.479918 0.0675709569159566
55807.4584333451 14.470022 0.0674670236032476
55807.4680846298 14.469006 0.0674845639391556
55807.4777650928 14.471889 0.0675201313981677
56038.6580364583 14.548218 0.0638478228305464
56038.6675517475 14.542547 0.0636928364325832
56038.6770966784 14.515728 0.0633924570763506
56038.6866335068 14.514298 0.0633710574125769
56074.6550856368 14.560784 0.0648488113108702
56074.6656125463 14.536916 0.0645756569779314
56074.6761589004 14.499728 0.0641689416217321
56074.6867745947 14.508985 0.0642535017620342
56106.4904813192 14.58136 0.0626696192766376
56106.5017177545 14.548473 0.0624054394834753
56106.5318968057 14.529793 0.0622580103855207
56106.5682433451 14.59523 0.0626077343022859
56146.5001134491 14.511017 0.0616050252760424
56146.509095382 14.482518 0.0613664339253086
56146.5181402895 14.476058 0.0613253151985432
56146.5269935187 14.489251 0.0614393644633686
56393.6905428472 14.594307 0.0603318340217739
56393.7048547453 14.625069 0.0605325025919436
56393.7192012615 14.718506 0.0612256952220476
56393.7335445256 14.751115 0.0614377045038377
56447.5049770023 14.719621 0.0855063398084489
56447.5144347684 14.708807 0.0803447272182248
56447.5239111804 14.589528 0.0645824072650104
56447.5333832987 14.536728 0.0639001938612466
56490.490769757 14.618723 0.0640727073213129
56490.4997003009 14.683704 0.0648604690928889
56490.5086214813 14.669828 0.0645152155539257
56490.5176152317 14.694233 0.0660734148223256
